0 0.61677 0.606567 0.568808 0.610647 0.521766 0.641153 0.510342 0.658389 0.523947 0.703616 0.625519 0.719311 0.651609 0.708778 0.677113 0.68143 0.679013 0.666931 0.651998 0.651037 0.61677 0.606567
0 0.307283 0.6294 0.278539 0.632809 0.245577 0.653203 0.224709 0.67558 0.226052 0.714017 0.350808 0.70485 0.396034 0.691245 0.424023 0.666214 0.413659 0.644928 0.322117 0.640909 0.307283 0.6294
0 0.460364 0.604812 0.530202 0.607184 0.548917 0.592098 0.542938 0.558633 0.51112 0.542908 0.46623 0.566123 0.455056 0.590566 0.460364 0.604812
0 0.271616 0.789397 0.233352 0.923025 0.236256 0.937356 0.299473 0.956795 0.368723 0.942352 0.388919 0.900755 0.376734 0.838642 0.342908 0.822987 0.324033 0.775539 0.271616 0.789397
0 0.398375 0.551655 0.402341 0.527464 0.389994 0.518273 0.358847 0.521766 0.347758 0.548613 0.360022 0.5554 0.398375 0.551655
0 0.666825 0.455689 0.649084 0.42985 0.622239 0.418761 0.600869 0.426723 0.599055 0.443623 0.609083 0.4553 0.666825 0.455689
0 0.888742 0.439303 0.900108 0.454759 0.914438 0.451853 0.961803 0.478328 0.99008 0.484616 0.996547 0.461523 0.913514 0.425427 0.889491 0.426266 0.888742 0.439303
0 0.398872 0.359212 0.355712 0.363125 0.344372 0.382764 0.392587 0.385891 0.408648 0.363681 0.398872 0.359212
0 0.351213 0.30315 0.293639 0.307566 0.275008 0.325053 0.306742 0.338377 0.378058 0.314239 0.351213 0.30315
0 0.288067 0.437413 0.250038 0.436569 0.239903 0.456764 0.249463 0.462666 0.282023 0.4571 0.288067 0.437413
0 0.311494 0.405559 0.330713 0.404889 0.330628 0.402486 0.335433 0.402319 0.335348 0.399916 0.34007 0.397345 0.33965 0.385334 0.337248 0.385417 0.337164 0.383016 0.32275 0.383519 0.322834 0.385922 0.313225 0.386256 0.313308 0.388659 0.303783 0.391397 0.304119 0.401006 0.30652 0.400923 0.306605 0.403325 0.311409 0.403158 0.311494 0.405559
0 0.430911 0.312394 0.438117 0.312141 0.440688 0.316862 0.447895 0.316611 0.447978 0.319013 0.450381 0.31893 0.450297 0.316527 0.457505 0.316275 0.457589 0.318678 0.486417 0.31767 0.486333 0.315269 0.491137 0.3151 0.490802 0.305491 0.4884 0.305575 0.488316 0.303172 0.483511 0.303341 0.480941 0.298619 0.473734 0.29887 0.47365 0.296469 0.447223 0.297392 0.447308 0.299794 0.435295 0.300214 0.43538 0.302616 0.428172 0.302867 0.428256 0.30527 0.425855 0.305353 0.426022 0.310158 0.430827 0.309991 0.430911 0.312394
0 0.414734 0.262447 0.426747 0.262027 0.426663 0.259625 0.431467 0.259456 0.431383 0.257055 0.433786 0.25697 0.433366 0.244958 0.430964 0.245042 0.43088 0.242641 0.426075 0.242808 0.425991 0.240406 0.382748 0.241916 0.383084 0.251525 0.385486 0.251441 0.38557 0.253844 0.387973 0.253759 0.388056 0.256162 0.390459 0.256078 0.39303 0.260798 0.41465 0.260044 0.414734 0.262447
