0 0.358469 0.743611 0.368889 0.759277 0.383492 0.767641 0.424158 0.7702 0.449977 0.754894 0.365745 0.736744 0.358469 0.743611
0 0.282809 0.608327 0.257836 0.606395 0.243283 0.620128 0.257234 0.633134 0.309625 0.642075 0.318908 0.64338 0.326619 0.633419 0.282809 0.608327
0 0.687348 0.289652 0.664356 0.284842 0.649125 0.292169 0.631938 0.313422 0.634648 0.339048 0.660275 0.336338 0.684328 0.322362 0.687348 0.289652
0 0.796495 0.770459 0.801572 0.768017 0.804616 0.746355 0.763273 0.737389 0.738978 0.741862 0.718478 0.764228 0.742364 0.773897 0.771763 0.778028 0.796495 0.770459
0 0.350748 0.360684 0.335761 0.377513 0.33622 0.385467 0.368305 0.404177 0.38223 0.406133 0.393445 0.382464 0.397795 0.351519 0.391773 0.327005 0.370739 0.308269 0.312811 0.293817 0.301353 0.307984 0.301161 0.320581 0.348959 0.350966 0.350748 0.360684
0 0.508523 0.0688656 0.530578 0.147702 0.541652 0.158725 0.558889 0.15957 0.587586 0.146247 0.603469 0.134278 0.606972 0.12057 0.589225 0.089675 0.542973 0.0595063 0.531875 0.0374344 0.516619 0.0337125 0.507578 0.0419094 0.508523 0.0688656
0 0.528453 0.477175 0.541752 0.494823 0.523477 0.523811 0.590178 0.509519 0.672084 0.476848 0.69812 0.459997 0.708902 0.439422 0.68192 0.429319 0.636639 0.437155 0.591281 0.411845 0.548853 0.410617 0.51687 0.436102 0.528453 0.477175
0 0.0226063 0.360325 0.0626922 0.400672 0.106477 0.414714 0.148305 0.442683 0.178766 0.42803 0.230887 0.41642 0.251387 0.394056 0.254214 0.373942 0.235188 0.363378 0.166453 0.358452 0.0946922 0.285252 0.039425 0.27433 0.0242953 0.32585 0.0226063 0.360325
0 0.360552 0.493025 0.265731 0.482855 0.24233 0.492188 0.197148 0.544219 0.166011 0.552466 0.169566 0.560855 0.235253 0.587442 0.331161 0.589877 0.364984 0.596208 0.403641 0.590597 0.440341 0.598909 0.458231 0.595113 0.461953 0.579858 0.454167 0.556673 0.415025 0.543283 0.39087 0.513064 0.360552 0.493025
0 0.905628 0.759498 0.875461 0.768408 0.839372 0.763336 0.831678 0.780663 0.872964 0.804873 0.924117 0.796284 0.951708 0.787013 0.968905 0.739464 0.944541 0.749189 0.905628 0.759498
0 0.950661 0.813164 0.860777 0.839978 0.820081 0.863186 0.80393 0.884583 0.722972 0.899503 0.687284 0.910266 0.730786 0.937417 0.786008 0.937289 0.84123 0.937161 0.89645 0.937033 0.929922 0.923328 0.950661 0.813164
0 0.394786 0.990127 0.455164 0.990723 0.4923 0.969645 0.504061 0.960778 0.491131 0.940553 0.442255 0.936314 0.393898 0.921628 0.348223 0.90995 0.31322 0.897141 0.287845 0.909353 0.265814 0.935184 0.324742 0.946095 0.368564 0.952255 0.375573 0.9585 0.318902 0.968944 0.394786 0.990127
