0 0.77507 0.971828 0.807053 0.893123 0.790889 0.86027 0.804422 0.796975 0.798623 0.732286 0.767553 0.690586 0.733191 0.677944 0.702486 0.689181 0.677337 0.71457 0.652442 0.744761 0.638658 0.803255 0.582553 0.835081 0.558412 0.879675 0.557522 0.908608 0.575961 0.938934 0.674373 0.979513 0.77507 0.971828
0 0.361723 0.755183 0.416811 0.749889 0.444484 0.726773 0.464077 0.687233 0.469391 0.650847 0.503764 0.617753 0.503397 0.564816 0.480659 0.544342 0.395498 0.572877 0.263216 0.574995 0.225939 0.598612 0.227197 0.622619 0.242481 0.638667 0.278616 0.639181 0.303375 0.652327 0.296792 0.710442 0.334562 0.742164 0.361723 0.755183
0 0.423319 0.460691 0.413213 0.451591 0.458697 0.4468 0.478919 0.419262 0.460983 0.398537 0.421945 0.388548 0.381261 0.393087 0.362938 0.410897 0.267419 0.425531 0.232542 0.449023 0.219648 0.478586 0.322233 0.506909 0.456664 0.499864 0.486487 0.471822 0.464002 0.456152 0.423319 0.460691
0 1 0.504934 0.997166 0.478759 0.986934 0.467259 0.899759 0.457386 0.925159 0.436797 0.972794 0.42708 0.980886 0.397769 0.968002 0.381594 0.937811 0.356698 0.868698 0.369948 0.815006 0.355912 0.739069 0.376742 0.722003 0.418558 0.690156 0.453927 0.701647 0.489433 0.762919 0.510292 0.791725 0.508783 0.805498 0.496025 0.835061 0.508919 0.943337 0.508058 1 0.521411 1 0.504934
0 0.568369 0.426609 0.566973 0.445941 0.585036 0.469066 0.581492 0.493322 0.629881 0.498008 0.653384 0.487147 0.657944 0.436358 0.645186 0.422584 0.620928 0.419041 0.568369 0.426609
0 0.528722 0.313145 0.581031 0.300775 0.59253 0.290544 0.591902 0.278541 0.57952 0.271969 0.464797 0.287609 0.454053 0.312244 0.528722 0.313145
0 0.244828 0.315987 0.233705 0.33342 0.248989 0.349469 0.290428 0.359333 0.362947 0.365161 0.383923 0.352027 0.383294 0.340023 0.350955 0.320053 0.287911 0.311322 0.244828 0.315987
0 0.00357813 0.581381 0.0107594 0.672477 0.0777234 0.664152 0.0769688 0.649748 0.0592844 0.633825 0.0582781 0.614622 0.0388219 0.610827 0.0422391 0.584169 0.0297328 0.575195 0.00357813 0.581381
0 0 0.513094 0.00018125 0.516566 0.0150891 0.525413 0.0536234 0.5258 0.0719469 0.507991 0.120084 0.507875 0.1604 0.450397 0.140692 0.441802 0.0215453 0.464897 0 0.479409 0 0.513094
0 0.14023 0.249255 0.141372 0.225123 0.109662 0.217156 0.0233688 0.224086 0.0194484 0.241142 0.0827422 0.254675 0.14023 0.249255
0 0.1982 0.344909 0.194919 0.328231 0.145777 0.309142 0.110145 0.318231 0.106477 0.340087 0.119359 0.356263 0.1982 0.344909
