0 0.330053 0.43573 0.331573 0.452659 0.35255 0.465794 0.393611 0.463131 0.394491 0.446328 0.373516 0.433192 0.330053 0.43573
0 0.457661 0.435195 0.486592 0.434305 0.490378 0.408023 0.45462 0.401336 0.446412 0.420162 0.457661 0.435195
0 0.575111 0.21508 0.559702 0.233528 0.565267 0.265112 0.630711 0.256508 0.63285 0.215698 0.602145 0.204459 0.575111 0.21508
0 0.472264 0.202467 0.421978 0.197425 0.415039 0.237983 0.423509 0.260091 0.446633 0.278153 0.483397 0.265638 0.501836 0.235311 0.472264 0.202467
0 0.196202 0.188 0.208958 0.174225 0.208812 0.0851531 0.179241 0.0523109 0.12883 0.0496687 0.110516 0.0775953 0.107244 0.140009 0.134416 0.172727 0.184198 0.18737 0.196202 0.188
0 0.286647 0.115711 0.296752 0.106612 0.301417 0.0635281 0.281952 0.0215859 0.24872 0.0126234 0.223834 0.0281687 0.207419 0.0658234 0.215384 0.0975344 0.250513 0.116225 0.286647 0.115711
0 0.441666 0.0973563 0.438878 0.0586969 0.399703 0.02535 0.377722 0.0314203 0.349931 0.0564422 0.347667 0.0996516 0.379891 0.127819 0.423605 0.120481 0.441666 0.0973563
0 0.404577 0 0.407283 0.0185266 0.437483 0.0393656 0.490798 0.0325312 0.526169 0.000685938 0.513092 0 0.404577 0
0 0.575091 0.123606 0.574577 0.0874719 0.547155 0.0595562 0.51342 0.0601953 0.498262 0.0738437 0.497517 0.133984 0.515339 0.161397 0.551723 0.156081 0.575091 0.123606
0 0.640891 0.0163266 0.635723 0.0690125 0.67603 0.0807531 0.714816 0.0755641 0.74008 0.0528172 0.751066 0.0269141 0.640891 0.0163266
0 0.349208 0.208055 0.327602 0.206922 0.319394 0.225748 0.323062 0.247606 0.369439 0.281328 0.388895 0.277534 0.388003 0.248602 0.349208 0.208055
0 1 0.0584484 0.94943 0.0541609 0.941242 0.164459 0.897036 0.227136 0.822745 0.220836 0.761598 0.239295 0.687066 0.283533 0.638687 0.333953 0.644758 0.355936 0.682789 0.365152 0.701239 0.380561 0.730297 0.377269 0.775519 0.341125 0.804327 0.342634 0.815825 0.352866 0.800919 0.361712 0.794859 0.385467 0.827712 0.401631 0.875975 0.399347 0.930423 0.370908 0.939889 0.328075 0.914867 0.300284 0.916628 0.266677 0.982566 0.202733 1 0.198725 1 0.0584484
