0 0.250494 0.814039 0.261286 0.790245 0.256908 0.7618 0.233983 0.756194 0.218411 0.729164 0.0241531 0.682984 0.00952031 0.68677 0.00837031 0.708956 0.106813 0.74058 0.153803 0.793794 0.250494 0.814039
0 0.261803 0.927063 0.28648 0.944047 0.389912 0.973492 0.426933 0.966875 0.429633 0.94488 0.422691 0.924491 0.392961 0.884558 0.324186 0.867741 0.295795 0.881 0.253584 0.878609 0.248795 0.891975 0.261803 0.927063
0 0.0979594 0.440867 0.205981 0.445758 0.205917 0.420633 0.163981 0.390366 0.0933812 0.401233 0.0848141 0.419717 0.0979594 0.440867
0 0.395772 0.593119 0.422806 0.62867 0.481875 0.621969 0.487003 0.605853 0.462733 0.577075 0.420759 0.556755 0.340083 0.54595 0.332867 0.553438 0.341422 0.56218 0.360906 0.570639 0.395772 0.593119
0 0.912381 0.833909 0.860664 0.819186 0.620145 0.803609 0.59088 0.811178 0.582113 0.818475 0.578198 0.837531 0.693362 0.873998 0.927341 0.891564 0.912381 0.833909
0 0.40027 0.29937 0.398244 0.315867 0.422583 0.3356 0.466008 0.340931 0.479764 0.331458 0.464192 0.304428 0.426097 0.294169 0.40027 0.29937
0 0.168664 0.198369 0.160773 0.211355 0.169066 0.220745 0.224222 0.2331 0.223145 0.216222 0.168664 0.198369
0 0.188425 0.178469 0.194091 0.170792 0.184722 0.144523 0.163009 0.141858 0.152017 0.154463 0.158083 0.169161 0.188425 0.178469
0 0.653714 0.453287 0.674013 0.441825 0.667608 0.429877 0.648997 0.427591 0.639017 0.431947 0.636992 0.448444 0.653714 0.453287
0 0.788755 0.584295 0.849375 0.577784 0.831239 0.558812 0.792805 0.551302 0.782488 0.558408 0.781138 0.569405 0.788755 0.584295
0 0.934348 1 0.943103 0.99397 0.947492 0.958228 0.937986 0.945897 0.868197 0.937328 0.84332 0.909156 0.798145 0.892445 0.791741 0.880495 0.706308 0.883961 0.653916 0.874736 0.629978 0.87738 0.627414 0.885437 0.469364 0.852077 0.329934 0.756812 0.278219 0.742089 0.265411 0.718189 0.228191 0.713619 0.220636 0.723855 0.219825 0.743292 0.231756 0.761502 0.257108 0.772987 0.25272 0.80873 0.180367 0.808219 0.199442 0.858006 0.210836 0.867778 0.282714 0.884977 0.333828 0.866134 0.375702 0.871275 0.419453 0.938047 0.549725 0.954042 0.650055 0.983106 0.701233 0.989391 0.707236 0.978964 0.771697 0.992461 0.778355 1 0.934348 1
0 0 0.559033 0.0019875 0.568628 0.0511391 0.591408 0.0762906 0.591706 0.1158 0.616094 0.199547 0.626377 0.210877 0.611022 0.355781 0.623231 0.390375 0.610734 0.387209 0.585228 0.334281 0.567566 0.324775 0.555234 0.0554641 0.530541 0.0464969 0.526648 0.0402297 0.500761 0.00179687 0.49325 0 0.494034 0 0.559033
0 0.671164 0.541948 0.702655 0.529069 0.699691 0.514752 0.38952 0.476667 0.238075 0.466444 0.211911 0.474395 0.210561 0.485392 0.366047 0.526811 0.520394 0.526227 0.671164 0.541948
0 0.0206344 0.301369 0.107422 0.299694 0.137364 0.286625 0.12907 0.277234 0.0534172 0.265155 0.0257703 0.259534 0.0206344 0.301369
0 0.227155 0.439986 0.421687 0.458289 0.446975 0.444648 0.598622 0.466059 0.52533 0.434733 0.273955 0.417823 0.238759 0.396756 0.181378 0.389711 0.171398 0.394067 0.171598 0.405255 0.198364 0.430869 0.227155 0.439986
