0 0.369897 0.260948 0.454433 0.244272 0.428884 0.228519 0.388181 0.230367 0.373434 0.238475 0.362742 0.253956 0.369897 0.260948
0 0.259594 0.36265 0.245419 0.375409 0.25973 0.389395 0.284734 0.387898 0.328975 0.363577 0.321437 0.353481 0.312133 0.354623 0.259594 0.36265
0 0.628663 0.688853 0.645477 0.710402 0.660577 0.717994 0.683648 0.713586 0.6812 0.680828 0.657394 0.666434 0.631819 0.663278 0.628663 0.688853
0 0.776573 0.226758 0.747108 0.230375 0.723056 0.239625 0.743163 0.262345 0.767377 0.267242 0.808869 0.259 0.806203 0.237288 0.80117 0.234758 0.776573 0.226758
0 0.333648 0.619602 0.348341 0.636689 0.346381 0.646375 0.298059 0.675922 0.298031 0.688519 0.309241 0.702884 0.367413 0.689445 0.38877 0.671081 0.395219 0.646675 0.391411 0.615658 0.380609 0.591797 0.366652 0.593511 0.334247 0.611658 0.333648 0.619602
0 0.499581 0.958153 0.508478 0.966506 0.523797 0.963052 0.535278 0.941177 0.58205 0.91182 0.600334 0.881239 0.59707 0.867472 0.581398 0.855228 0.552939 0.841406 0.535689 0.84195 0.524425 0.852778 0.500997 0.931217 0.499581 0.958153
0 0.515752 0.564184 0.547286 0.590222 0.58973 0.589733 0.63552 0.56522 0.680659 0.573847 0.707812 0.564216 0.697392 0.543455 0.671655 0.52615 0.59033 0.492058 0.523889 0.476602 0.541655 0.505905 0.528052 0.523317 0.515752 0.564184
0 0.0610266 0.591681 0.0202406 0.631322 0.0213281 0.665822 0.0355562 0.717598 0.0910062 0.707642 0.164034 0.635706 0.232842 0.63198 0.252052 0.62175 0.249577 0.601589 0.22947 0.57887 0.177558 0.566353 0.147358 0.55117 0.105048 0.578405 0.0610266 0.591681
0 0.332755 0.407191 0.23682 0.40795 0.170677 0.433387 0.166977 0.441714 0.197967 0.450502 0.242233 0.503314 0.265467 0.513055 0.36045 0.504541 0.391114 0.485033 0.415792 0.455241 0.455162 0.442536 0.463353 0.419491 0.459898 0.404173 0.442077 0.400064 0.405237 0.407736 0.366683 0.40145 0.332755 0.407191
0 0.843916 0.242627 0.880087 0.238186 0.910095 0.24762 0.948822 0.258608 0.973012 0.268756 0.956648 0.220914 0.929223 0.211163 0.878228 0.201681 0.836527 0.225169 0.843916 0.242627
0 0.848806 0.0688609 0.793595 0.0677688 0.738384 0.0666766 0.694417 0.0930656 0.729909 0.10445 0.810595 0.12078 0.82637 0.142456 0.866656 0.16637 0.956058 0.19475 0.937244 0.0842391 0.904017 0.0699531 0.848806 0.0688609
0 0.449878 0.0627453 0.49882 0.0593594 0.512102 0.0393625 0.500497 0.0302922 0.463734 0.00856875 0.403356 0.00811094 0.327114 0.0279672 0.383594 0.0393984 0.376478 0.0455203 0.332553 0.0509141 0.273445 0.0607953 0.295022 0.0870062 0.32018 0.0996594 0.3554 0.0874641 0.401273 0.0765844 0.449878 0.0627453
