0 0.0631578 0.237166 0.262483 0.22542 0.282511 0.201505 0.306063 0.199966 0.315314 0.172711 0.308816 0.147406 0.210078 0.150553 0.154562 0.1948 0.0521234 0.208848 0.0494031 0.230897 0.0631578 0.237166
0 0.365058 0.0893281 0.390714 0.107316 0.461366 0.102697 0.497578 0.0685344 0.507955 0.0496609 0.509114 0.0275297 0.473806 0.0145844 0.366833 0.0256219 0.339581 0.0380625 0.320678 0.0703578 0.323073 0.0843531 0.365058 0.0893281
0 0.0771813 0.506967 0.0824078 0.526658 0.150048 0.54962 0.196603 0.527095 0.20103 0.502363 0.0938 0.48842 0.0771813 0.506967
0 0.431819 0.430347 0.476683 0.417625 0.505581 0.393498 0.503331 0.376736 0.446322 0.35988 0.413525 0.390197 0.375286 0.406281 0.354628 0.411228 0.344686 0.418353 0.350492 0.426978 0.431819 0.430347
0 0.988842 0.188592 0.755369 0.165261 0.635622 0.181177 0.636167 0.200622 0.643534 0.20933 0.671041 0.221867 0.910611 0.248292 0.964098 0.242773 0.988842 0.188592
0 0.438902 0.650748 0.395211 0.648459 0.367816 0.663667 0.366945 0.680264 0.391477 0.689872 0.430775 0.686383 0.450805 0.662467 0.438902 0.650748
0 0.12132 0.739513 0.178073 0.731391 0.182064 0.714958 0.125602 0.717545 0.115805 0.725355 0.12132 0.739513
0 0.105828 0.766439 0.0973016 0.779863 0.105939 0.794184 0.127783 0.795328 0.141572 0.771086 0.137325 0.762542 0.105828 0.766439
0 0.625958 0.574561 0.625088 0.591159 0.634161 0.597183 0.652884 0.598164 0.661266 0.587508 0.643267 0.572695 0.625958 0.574561
0 0.788919 0.480469 0.788338 0.491533 0.797266 0.500323 0.836419 0.4996 0.857573 0.484066 0.799005 0.467127 0.788919 0.480469
0 1 0.0255172 0.97087 0.0239906 0.964048 0.0347297 0.875944 0.0439812 0.853084 0.0622 0.787259 0.0642984 0.783158 0.0529875 0.731666 0.0502891 0.627812 0.0614906 0.496742 0.0546203 0.442061 0.112781 0.399931 0.110572 0.352866 0.0831406 0.279094 0.0875969 0.266175 0.0952406 0.238745 0.140959 0.310087 0.15302 0.308202 0.188981 0.281241 0.195891 0.266328 0.211752 0.263753 0.231034 0.269414 0.242427 0.306862 0.244389 0.323627 0.223077 0.377114 0.217558 0.530967 0.147953 0.692409 0.142544 0.693534 0.150925 0.71665 0.157684 0.769847 0.157698 0.853381 0.175945 0.861762 0.165289 0.909153 0.156677 0.938545 0.133253 1 0.136473 1 0.0255172
0 0.141797 0.318955 0.0986516 0.336111 0.0738313 0.332036 0.0214703 0.345936 0.00525156 0.386694 0.00365781 0.417123 0.00819375 0.420134 0.0473469 0.419412 0.0580141 0.395006 0.0675219 0.392731 0.337028 0.415177 0.348531 0.404684 0.403723 0.396481 0.411269 0.371912 0.379372 0.353597 0.234548 0.340459 0.226056 0.32337 0.141797 0.318955
0 0.699219 0.520148 0.704625 0.506563 0.675847 0.488411 0.524637 0.477712 0.372737 0.450336 0.21242 0.464125 0.211841 0.475189 0.236227 0.487563 0.387147 0.503794 0.699219 0.520148
0 0 0.654234 0.0194203 0.65373 0.0960234 0.65497 0.10582 0.647163 0.0786031 0.629092 0 0.613662 0 0.654234
0 0.157995 0.547262 0.167067 0.553286 0.2248 0.556311 0.263119 0.541677 0.513613 0.568673 0.59123 0.55055 0.438169 0.545303 0.415634 0.527478 0.220878 0.511723 0.190942 0.515703 0.160136 0.53628 0.157995 0.547262
