0 0.367789 0.725961 0.225961 0.75 0.197116 0.764423 0.125 0.834134 0.108173 0.961539 0.122597 0.973558 0.185097 0.978366 0.358173 0.978366 0.391827 0.966347 0.487981 0.889423 0.509616 0.848558 0.507211 0.795673 0.490384 0.762019 0.463942 0.740384 0.432692 0.730769 0.367789 0.725961
0 0.600961 0.709134 0.641827 0.723558 0.697116 0.723558 0.786058 0.661058 0.795673 0.632211 0.793269 0.576923 0.735577 0.548077 0.627403 0.543269 0.560097 0.5625 0.536058 0.598558 0.543269 0.649039 0.600961 0.709134
0 0.978366 0.776442 0.96875 0.778847 0.927884 0.740384 0.915866 0.740384 0.858173 0.764423 0.862981 0.807692 0.918269 0.834134 0.961539 0.841347 0.978366 0.8125 0.978366 0.776442
0 0.466347 0.394231 0.288461 0.379808 0.278847 0.355769 0.223558 0.353366 0.21875 0.34375 0.228366 0.322116 0.182692 0.314903 0.108173 0.334134 0.108173 0.353366 0.185097 0.377403 0.192308 0.401442 0.180289 0.418269 0.180289 0.449519 0.206731 0.495192 0.298077 0.512019 0.355769 0.512019 0.401442 0.497597 0.454327 0.504808 0.485577 0.485577 0.524039 0.435097 0.521634 0.411058 0.466347 0.394231
0 0.533653 0.341347 0.519231 0.358173 0.533653 0.358173 0.552884 0.375 0.625 0.372597 0.629808 0.399039 0.670673 0.423077 0.716347 0.420673 0.740384 0.403847 0.745192 0.384616 0.735577 0.379808 0.653847 0.372597 0.641827 0.338942 0.586539 0.331731 0.533653 0.341347
0 0.944711 0.480769 0.942308 0.442308 0.915866 0.427884 0.865384 0.427884 0.831731 0.442308 0.831731 0.478366 0.875 0.509616 0.896634 0.516827 0.925481 0.512019 0.944711 0.480769
0 0.978366 0.576923 0.997597 0.59375 1 0.526442 0.966347 0.521634 0.954327 0.533653 0.954327 0.574519 0.978366 0.576923
0 0.423077 0.274039 0.411058 0.302884 0.454327 0.322116 0.507211 0.322116 0.596153 0.293269 0.591347 0.257211 0.540866 0.254808 0.423077 0.274039
0 0.213942 0.252403 0.252403 0.230769 0.314903 0.216347 0.326923 0.204327 0.319711 0.189903 0.259616 0.189903 0.199519 0.197116 0.180289 0.223558 0.146634 0.235577 0.161058 0.25 0.213942 0.252403
0 0.276442 0.295673 0.314903 0.28125 0.307692 0.266827 0.266827 0.264423 0.237981 0.278847 0.245192 0.293269 0.276442 0.295673
0 0.346153 0.362981 0.379808 0.350961 0.379808 0.329327 0.341347 0.324519 0.305289 0.341347 0.3125 0.358173 0.346153 0.362981
0 0.430289 0.235577 0.473558 0.216347 0.461539 0.197116 0.40625 0.197116 0.382211 0.213942 0.394231 0.235577 0.430289 0.235577
0 0.487981 0.175481 0.466347 0.180289 0.461539 0.192308 0.509616 0.197116 0.533653 0.182692 0.487981 0.175481
0 0.9375 1 0.891827 0.963942 0.757211 0.947116 0.6875 0.959134 0.675481 0.978366 0.675481 1 0.9375 1
0 0.432692 0.173077 0.485577 0.15625 0.475961 0.137019 0.367789 0.132211 0.262019 0.141827 0.247597 0.151442 0.247597 0.163461 0.254808 0.173077 0.305289 0.180289 0.432692 0.173077
0 0.581731 0.1875 0.579327 0.199519 0.65625 0.225961 0.728366 0.206731 0.721153 0.1875 0.701923 0.182692 0.603366 0.182692 0.581731 0.1875
0 0.699519 0.314903 0.725961 0.3125 0.733173 0.286058 0.692308 0.283653 0.673077 0.290866 0.675481 0.305289 0.699519 0.314903
0 0.5625 0.105769 0.555289 0.122597 0.603366 0.137019 0.665866 0.129808 0.673077 0.117789 0.668269 0.100961 0.588942 0.0961531 0.5625 0.105769
0 0.747597 0.173077 0.764423 0.146634 0.754808 0.129808 0.697116 0.129808 0.675481 0.132211 0.673077 0.146634 0.713942 0.158653 0.709134 0.170673 0.716347 0.175481 0.747597 0.173077
0 0.699519 0.0600969 0.6875 0.0649031 0.689903 0.0721156 0.733173 0.0769234 0.764423 0.09375 0.764423 0.100961 0.735577 0.103366 0.733173 0.110577 0.783653 0.127403 0.817308 0.120192 0.800481 0.103366 0.819711 0.09375 0.826923 0.0769234 0.769231 0.0769234 0.745192 0.0625 0.699519 0.0600969
0 0 0.711539 0.0216344 0.709134 0.0384609 0.685097 0.0360578 0.663461 0.0288469 0.646634 0 0.627403 0 0.711539
0 0.0192312 0.387019 0.00961562 0.401442 0.0120187 0.423077 0.0721156 0.40625 0.0649031 0.391827 0.0192312 0.387019
