0 0.607039 0.616339 0.558902 0.616223 0.509381 0.642513 0.496498 0.658687 0.506111 0.704928 0.605927 0.729416 0.632836 0.721197 0.660627 0.696175 0.663781 0.681898 0.638256 0.663709 0.607039 0.616339
0 0.296739 0.612113 0.267806 0.613003 0.233192 0.630445 0.210455 0.650919 0.208442 0.689328 0.333522 0.691069 0.379761 0.681456 0.409827 0.658959 0.401356 0.636852 0.310513 0.624869 0.296739 0.612113
0 0.45138 0.600959 0.520745 0.609409 0.540705 0.596012 0.537664 0.562153 0.507337 0.543713 0.460595 0.562928 0.447334 0.586305 0.45138 0.600959
0 0.247262 0.768391 0.197497 0.898175 0.199142 0.912705 0.260425 0.937581 0.330669 0.929227 0.354413 0.889548 0.347689 0.826611 0.315355 0.808066 0.300687 0.759155 0.247262 0.768391
0 0.394259 0.542602 0.400319 0.518847 0.38882 0.508616 0.357488 0.509381 0.3441 0.535158 0.355725 0.542989 0.394259 0.542602
0 0.670052 0.470398 0.654631 0.443111 0.628855 0.429725 0.606872 0.435794 0.603591 0.452472 0.612564 0.464978 0.670052 0.470398
0 0.892553 0.473414 0.902528 0.489803 0.917056 0.488156 0.961936 0.518659 0.989555 0.527388 0.998011 0.504947 0.918441 0.461752 0.894434 0.460492 0.892553 0.473414
0 0.411527 0.350934 0.368191 0.35107 0.355181 0.369645 0.402941 0.376962 0.420877 0.356239 0.411527 0.350934
0 0.368936 0.290931 0.311197 0.290313 0.291111 0.306109 0.321564 0.322148 0.394713 0.304317 0.368936 0.290931
0 0.294328 0.419178 0.256517 0.415025 0.244663 0.434259 0.253669 0.440972 0.286592 0.438266 0.294328 0.419178
0 0.320442 0.389489 0.339645 0.390497 0.339772 0.388095 0.344573 0.388347 0.344698 0.385947 0.349625 0.383798 0.350255 0.371795 0.347855 0.371669 0.34798 0.369269 0.333577 0.368514 0.33345 0.370914 0.323848 0.370411 0.323722 0.372811 0.313995 0.374709 0.313491 0.384311 0.315892 0.384437 0.315766 0.386838 0.320567 0.387089 0.320442 0.389489
0 0.447525 0.307086 0.454727 0.307463 0.456875 0.312389 0.464077 0.312767 0.463952 0.315167 0.466352 0.315294 0.466477 0.312894 0.47368 0.31327 0.473553 0.31567 0.502359 0.317181 0.502486 0.31478 0.507286 0.315031 0.507791 0.30543 0.505389 0.305303 0.505516 0.302903 0.500714 0.302652 0.498566 0.297725 0.491364 0.297347 0.491489 0.294947 0.465083 0.293563 0.464958 0.295964 0.452955 0.295334 0.452828 0.297734 0.445627 0.297358 0.445502 0.299758 0.4431 0.299633 0.442848 0.304433 0.44765 0.304684 0.447525 0.307086
0 0.435762 0.255919 0.447766 0.256548 0.447892 0.254147 0.452692 0.254398 0.452819 0.251998 0.455219 0.252125 0.455848 0.240122 0.453447 0.239995 0.453573 0.237595 0.448772 0.237344 0.448898 0.234944 0.405687 0.232678 0.405184 0.242281 0.407586 0.242406 0.407459 0.244808 0.409861 0.244933 0.409734 0.247333 0.412134 0.247459 0.414284 0.252386 0.435889 0.253519 0.435762 0.255919
