0 0.494675 0.625439 0.478556 0.618928 0.445956 0.623117 0.440386 0.633055 0.449242 0.647709 0.484959 0.643303 0.495472 0.636839 0.494675 0.625439
0 0.659508 0.697927 0.666406 0.706992 0.69967 0.712303 0.738505 0.707678 0.741223 0.701759 0.715222 0.688303 0.659508 0.697927
0 0.770548 0.76272 0.762223 0.755664 0.710786 0.759261 0.697422 0.769742 0.70913 0.780381 0.758875 0.774992 0.76952 0.77043 0.770548 0.76272
0 0.515009 0.669842 0.520881 0.686617 0.544659 0.690683 0.577259 0.686494 0.579314 0.671075 0.541108 0.662289 0.515009 0.669842
0 0.626944 0.725027 0.6358 0.739683 0.673741 0.744667 0.69712 0.743033 0.699308 0.729513 0.653042 0.717473 0.626944 0.725027
0 0.371706 0.658859 0.373434 0.683561 0.381494 0.686817 0.442148 0.680666 0.442911 0.669156 0.426527 0.658845 0.371706 0.658859
0 0.485384 0.582172 0.442369 0.571814 0.398992 0.578666 0.403305 0.59555 0.441644 0.606234 0.477361 0.601827 0.484755 0.595581 0.485384 0.582172
0 0.865752 0.66823 0.880939 0.661439 0.884952 0.651612 0.878184 0.644447 0.778295 0.649523 0.741286 0.657839 0.723378 0.670547 0.725469 0.678039 0.753658 0.677978 0.865752 0.66823
0 0.711767 0.6389 0.637942 0.613511 0.587931 0.615098 0.561964 0.624553 0.562628 0.634053 0.582395 0.647945 0.692302 0.651717 0.70633 0.650736 0.711767 0.6389
0 0.841598 0.591633 0.845345 0.578005 0.781934 0.567164 0.710367 0.574078 0.683241 0.589341 0.68573 0.602531 0.739522 0.610227 0.830955 0.596195 0.841598 0.591633
0 0.57608 0.512819 0.641447 0.529252 0.675739 0.526855 0.736758 0.503494 0.751547 0.491003 0.750617 0.477702 0.722791 0.460553 0.699013 0.456487 0.614709 0.460473 0.570703 0.480736 0.568914 0.499955 0.57608 0.512819
0 0.59832 0.114106 0.580777 0.109605 0.537531 0.118356 0.533255 0.124384 0.538134 0.171778 0.547789 0.197834 0.569778 0.22112 0.609544 0.229795 0.646553 0.22148 0.661344 0.208989 0.693942 0.2048 0.731448 0.181173 0.741925 0.1518 0.734858 0.117925 0.707925 0.0911672 0.679338 0.0855281 0.611552 0.101725 0.59832 0.114106
0 0.491605 0.638122 0.5021 0.631306 0.497148 0.615839 0.492975 0.614916 0.461867 0.612225 0.43053 0.620498 0.405061 0.627144 0.398306 0.644645 0.429922 0.654598 0.45085 0.654352 0.485987 0.64338 0.491605 0.638122
