0 0.791369 0.961941 0.820586 0.882167 0.803284 0.849898 0.8146 0.78617 0.806548 0.721722 0.774041 0.681131 0.739258 0.669697 0.708966 0.682 0.684719 0.708252 0.660891 0.739292 0.649156 0.798231 0.594197 0.831995 0.571627 0.877405 0.571747 0.906352 0.591233 0.936016 0.691002 0.973134 0.791369 0.961941
0 0.370714 0.759853 0.425581 0.752639 0.452433 0.728573 0.470633 0.688372 0.474675 0.651823 0.507872 0.61755 0.505656 0.564656 0.482219 0.544991 0.398105 0.57648 0.265978 0.583212 0.229548 0.608117 0.231642 0.632064 0.247478 0.64757 0.283608 0.646822 0.308811 0.659095 0.304261 0.717406 0.343114 0.747789 0.370714 0.759853
0 0.421994 0.463391 0.411577 0.45465 0.456866 0.448273 0.476114 0.420047 0.457466 0.399961 0.418103 0.391339 0.377602 0.397295 0.359911 0.415734 0.264961 0.433694 0.230927 0.458389 0.219072 0.488383 0.322583 0.513109 0.456686 0.501377 0.485513 0.472311 0.462494 0.457434 0.421994 0.463391
0 1 0.488402 0.996122 0.46142 0.985495 0.450286 0.89803 0.443459 0.922695 0.421997 0.969961 0.410623 0.977025 0.381048 0.963584 0.365333 0.932544 0.341506 0.863936 0.357161 0.809786 0.345006 0.734622 0.368473 0.719027 0.410859 0.688433 0.447319 0.701155 0.482402 0.763117 0.501111 0.791853 0.498597 0.805175 0.485366 0.835167 0.49722 0.943348 0.492581 1 0.503861 1 0.488402
0 0.565766 0.424269 0.565047 0.443636 0.583905 0.466116 0.581211 0.490481 0.629733 0.493477 0.652842 0.481802 0.655627 0.430884 0.642395 0.417564 0.61803 0.41487 0.565766 0.424269
0 0.522183 0.312256 0.574028 0.298069 0.585164 0.287442 0.584116 0.275469 0.571514 0.269331 0.457406 0.288967 0.447528 0.313961 0.522183 0.312256
0 0.238561 0.325005 0.228055 0.342816 0.243889 0.35832 0.285647 0.366733 0.358325 0.370027 0.37883 0.356167 0.377783 0.344194 0.344766 0.325366 0.281456 0.318839 0.238561 0.325005
0 0.00672187 0.598656 0.0170781 0.689445 0.0837094 0.678789 0.0824531 0.664422 0.0642234 0.649125 0.0625469 0.629967 0.0429703 0.626853 0.0454562 0.600094 0.0326437 0.591562 0.00672187 0.598656
0 0 0.52183 0.00106406 0.533998 0.0162703 0.54232 0.0547953 0.541364 0.0724859 0.522925 0.120591 0.52113 0.158877 0.46228 0.13888 0.454377 0.0206125 0.481616 0 0.49657 0 0.52183
0 0.131698 0.261962 0.131998 0.237806 0.100028 0.230952 0.0140297 0.240889 0.0107063 0.25807 0.0744344 0.269386 0.131698 0.261962
0 0.192972 0.355536 0.189111 0.338983 0.139331 0.32162 0.104039 0.331948 0.101134 0.353919 0.114575 0.369634 0.192972 0.355536
