0 0.612981 0.610577 0.564903 0.612981 0.516827 0.641827 0.504808 0.658653 0.516827 0.704327 0.617789 0.723558 0.644231 0.713942 0.670673 0.6875 0.673077 0.673077 0.646634 0.65625 0.612981 0.610577
0 0.302884 0.622597 0.274039 0.625 0.240384 0.644231 0.21875 0.665866 0.21875 0.704327 0.34375 0.699519 0.389423 0.6875 0.418269 0.663461 0.408653 0.641827 0.317308 0.634616 0.302884 0.622597
0 0.456731 0.603366 0.526442 0.608173 0.545673 0.59375 0.540866 0.560097 0.509616 0.543269 0.463942 0.564903 0.451923 0.588942 0.456731 0.603366
0 0.261655 0.78125 0.21875 0.913461 0.221153 0.927884 0.283653 0.949519 0.353366 0.9375 0.375 0.896634 0.364991 0.834134 0.331731 0.817308 0.314525 0.769231 0.261655 0.78125
0 0.396634 0.548077 0.401442 0.524039 0.389423 0.514423 0.358173 0.516827 0.346153 0.543269 0.358173 0.550481 0.396634 0.548077
0 0.668269 0.461539 0.651442 0.435097 0.625 0.423077 0.603366 0.430289 0.600961 0.447116 0.610577 0.459134 0.668269 0.461539
0 0.890623 0.452906 0.901442 0.46875 0.915866 0.466347 0.962278 0.494458 0.990317 0.50173 0.997588 0.478877 0.915866 0.439903 0.891827 0.439903 0.890623 0.452906
0 0.403847 0.355769 0.360577 0.358173 0.348558 0.377403 0.396634 0.382211 0.413461 0.360577 0.403847 0.355769
0 0.358173 0.298077 0.300481 0.300481 0.28125 0.317308 0.3125 0.331731 0.384616 0.310097 0.358173 0.298077
0 0.29038 0.430053 0.252403 0.427884 0.241572 0.447713 0.250917 0.453945 0.283653 0.449519 0.29038 0.430053
0 0.314903 0.399039 0.334134 0.399039 0.334134 0.396634 0.338942 0.396634 0.338942 0.394231 0.34375 0.391827 0.34375 0.379808 0.341347 0.379808 0.341347 0.377403 0.326923 0.377403 0.326923 0.379808 0.317308 0.379808 0.317308 0.382211 0.307692 0.384616 0.307692 0.394231 0.310097 0.394231 0.310097 0.396634 0.314903 0.396634 0.314903 0.399039
0 0.4375 0.310097 0.444711 0.310097 0.447116 0.314903 0.454327 0.314903 0.454327 0.317308 0.456731 0.317308 0.456731 0.314903 0.463942 0.314903 0.463942 0.317308 0.492789 0.317308 0.492789 0.314903 0.497597 0.314903 0.497597 0.305289 0.495192 0.305289 0.495192 0.302884 0.490384 0.302884 0.487981 0.298077 0.480769 0.298077 0.480769 0.295673 0.454327 0.295673 0.454327 0.298077 0.442308 0.298077 0.442308 0.300481 0.435097 0.300481 0.435097 0.302884 0.432692 0.302884 0.432692 0.307692 0.4375 0.307692 0.4375 0.310097
0 0.423077 0.259616 0.435097 0.259616 0.435097 0.257211 0.439903 0.257211 0.439903 0.254808 0.442308 0.254808 0.442308 0.242789 0.439903 0.242789 0.439903 0.240384 0.435097 0.240384 0.435097 0.237981 0.391827 0.237981 0.391827 0.247597 0.394231 0.247597 0.394231 0.25 0.396634 0.25 0.396634 0.252403 0.399039 0.252403 0.401442 0.257211 0.423077 0.257211 0.423077 0.259616
