0 0.321475 0.466217 0.325912 0.482625 0.34885 0.491919 0.388825 0.482166 0.386773 0.465464 0.363836 0.456172 0.321475 0.466217
0 0.44705 0.443531 0.475389 0.437631 0.474552 0.411092 0.438177 0.410716 0.433362 0.430681 0.44705 0.443531
0 0.524494 0.206364 0.512522 0.227209 0.523487 0.257348 0.586444 0.237509 0.581462 0.196948 0.549273 0.191213 0.524494 0.206364
0 0.42102 0.211805 0.370622 0.21557 0.370831 0.256717 0.383011 0.277019 0.40892 0.290791 0.442952 0.27208 0.455845 0.239012 0.42102 0.211805
0 0.146638 0.245494 0.156809 0.229714 0.141198 0.14202 0.106373 0.114811 0.0562687 0.120964 0.0430828 0.151645 0.0507 0.21368 0.0831391 0.241181 0.134708 0.246959 0.146638 0.245494
0 0.223156 0.158598 0.231528 0.147883 0.228642 0.104642 0.202188 0.0667188 0.167906 0.0636625 0.146097 0.0832937 0.136469 0.123225 0.149822 0.15307 0.187661 0.165378 0.223156 0.158598
0 0.372634 0.113603 0.363175 0.0760141 0.318806 0.0499781 0.298211 0.0597719 0.275189 0.0892391 0.280461 0.132186 0.317088 0.15433 0.358862 0.139514 0.372634 0.113603
0 0.358445 0.0572203 0.409764 0.0412313 0.439066 0.00372656 0.317383 0.0186672 0.325084 0.0419406 0.358445 0.0572203
0 0.508589 0.116286 0.501809 0.0807891 0.469956 0.0580594 0.436845 0.0645469 0.424287 0.0806203 0.433997 0.139975 0.456308 0.163877 0.491217 0.152325 0.508589 0.116286
0 0.554822 0 0.55882 0.0519922 0.600553 0.0565562 0.63785 0.0447109 0.65878 0.0179219 0.662911 0 0.554822 0
0 0.300802 0.238675 0.279328 0.241311 0.274514 0.261277 0.281923 0.282164 0.33345 0.307323 0.351952 0.300208 0.34605 0.271869 0.300802 0.238675
0 0.866908 0 0.876273 0.0929359 0.843622 0.162337 0.769366 0.169033 0.712353 0.19783 0.646634 0.254337 0.607747 0.312394 0.617542 0.332987 0.656595 0.335458 0.677441 0.347431 0.705486 0.339144 0.743745 0.295695 0.772377 0.29218 0.785478 0.300259 0.772334 0.311559 0.770492 0.336005 0.805653 0.346219 0.852786 0.335589 0.901467 0.298127 0.903352 0.254302 0.873884 0.231278 0.869783 0.197875 0.923614 0.123452 0.955845 0.109808 0.942362 0 0.866908 0
