0 0.418983 0.320673 0.508038 0.315016 0.530298 0.279341 0.530633 0.260114 0.487706 0.240131 0.391694 0.231242 0.338733 0.235127 0.312042 0.249086 0.309094 0.280289 0.330347 0.302297 0.418983 0.320673
0 0.139592 0.349456 0.0800078 0.319566 0.00318125 0.313416 0.00457656 0.371142 0.0811531 0.391713 0.15098 0.385719 0.158442 0.371423 0.139592 0.349456
0 0.18147 0.429527 0.140947 0.409586 0.0831375 0.415789 0.0924984 0.430378 0.135509 0.445553 0.166755 0.446098 0.181302 0.439141 0.18147 0.429527
0 0.197875 0.453855 0.128216 0.450234 0.128006 0.462252 0.142217 0.474522 0.19248 0.48742 0.223767 0.485561 0.233591 0.473712 0.197875 0.453855
0 0.384495 0.368156 0.379184 0.396914 0.414902 0.416772 0.46782 0.415291 0.487467 0.391592 0.439859 0.364314 0.384495 0.368156
0 0.697648 0.195711 0.71228 0.183945 0.704259 0.0924453 0.646659 0.0866313 0.595892 0.102575 0.588305 0.12408 0.592525 0.157812 0.616098 0.18467 0.649537 0.197275 0.697648 0.195711
0 0.634667 0.360502 0.637406 0.341316 0.604134 0.319097 0.529502 0.325008 0.519677 0.336856 0.528663 0.373077 0.574119 0.385892 0.615145 0.376991 0.634667 0.360502
0 0.508847 0.406391 0.503578 0.432744 0.53942 0.445391 0.582767 0.441339 0.587994 0.417389 0.566614 0.402591 0.508847 0.406391
0 0.760498 0.451655 0.702816 0.450647 0.68342 0.459925 0.683084 0.479153 0.726095 0.49433 0.781502 0.488084 0.786769 0.46173 0.760498 0.451655
0 0.545708 0.498394 0.550264 0.512898 0.626881 0.531066 0.689539 0.522542 0.704253 0.505969 0.637334 0.483164 0.545708 0.498394
0 0.385011 0.476355 0.377506 0.493053 0.403734 0.505533 0.459098 0.501691 0.466603 0.484992 0.454753 0.475169 0.385011 0.476355
0 0.218289 0.523933 0.227609 0.540925 0.24435 0.546027 0.278041 0.544209 0.280695 0.529831 0.249619 0.519672 0.218289 0.523933
0 0.282637 0.556311 0.284873 0.565967 0.308741 0.576 0.342431 0.574184 0.349852 0.562292 0.311564 0.552008 0.282637 0.556311
0 0.496716 0.550431 0.486892 0.562281 0.496255 0.576869 0.565997 0.575683 0.575905 0.559027 0.566417 0.551648 0.496716 0.550431
0 0.231536 0.591483 0.2242 0.598567 0.26 0.613617 0.320128 0.612263 0.327548 0.60037 0.284413 0.592405 0.231536 0.591483
0 0.341383 0.634272 0.391897 0.632748 0.394511 0.620773 0.344164 0.612683 0.329617 0.619641 0.341383 0.634272
0 0.493473 0.598459 0.488541 0.605586 0.50992 0.620384 0.536358 0.620845 0.548586 0.609038 0.539139 0.599256 0.493473 0.598459
