0 0.448575 0.263697 0.450586 0.282822 0.47587 0.31642 0.56508 0.314295 0.651777 0.288264 0.671031 0.264486 0.665373 0.233658 0.637569 0.222078 0.58447 0.222825 0.489597 0.240048 0.448575 0.263697
0 0.902667 0.283647 0.845916 0.318617 0.829052 0.342144 0.837731 0.355734 0.907816 0.355619 0.982306 0.328453 0.978667 0.270825 0.902667 0.283647
0 0.849808 0.378636 0.811177 0.402033 0.812181 0.411595 0.827278 0.417259 0.858358 0.413994 0.899883 0.395127 0.907938 0.379777 0.849808 0.378636
0 0.866033 0.41802 0.796953 0.427698 0.763103 0.450592 0.773923 0.461541 0.805253 0.460666 0.854202 0.443436 0.867289 0.429975 0.866033 0.41802
0 0.524675 0.412808 0.577522 0.409672 0.611372 0.386777 0.603575 0.358591 0.548086 0.359589 0.503038 0.390912 0.524675 0.412808
0 0.276583 0.214095 0.324648 0.211461 0.356861 0.195989 0.378005 0.167178 0.379267 0.133206 0.369834 0.112444 0.31787 0.100986 0.260997 0.111798 0.260983 0.203648 0.276583 0.214095
0 0.460386 0.376058 0.466178 0.339192 0.455359 0.328244 0.380495 0.328863 0.349288 0.353895 0.353688 0.37277 0.374572 0.387494 0.416219 0.392786 0.460386 0.376058
0 0.412436 0.448777 0.45597 0.449034 0.490573 0.433312 0.483028 0.407517 0.42515 0.408767 0.405141 0.425372 0.412436 0.448777
0 0.293655 0.468512 0.236278 0.474542 0.210986 0.486869 0.218531 0.512664 0.274272 0.514056 0.315795 0.495189 0.313786 0.476064 0.293655 0.468512
0 0.313147 0.538975 0.376309 0.542005 0.451052 0.51723 0.454327 0.502383 0.361722 0.495197 0.297044 0.523748 0.313147 0.538975
0 0.540892 0.498119 0.596381 0.497122 0.621422 0.482403 0.612491 0.466423 0.542911 0.471319 0.531963 0.482137 0.540892 0.498119
0 0.724967 0.524697 0.758689 0.52357 0.77492 0.51703 0.782725 0.499289 0.751144 0.497775 0.721069 0.510603 0.724967 0.524697
0 0.663434 0.560169 0.697155 0.559042 0.720058 0.546967 0.721442 0.537153 0.692252 0.535386 0.655006 0.54897 0.663434 0.560169
0 0.44085 0.581147 0.510431 0.57625 0.518486 0.560902 0.507667 0.549953 0.438337 0.557239 0.429528 0.565417 0.44085 0.581147
0 0.688972 0.596158 0.748989 0.592267 0.783342 0.574155 0.775416 0.567736 0.722822 0.573264 0.680542 0.584959 0.688972 0.596158
0 0.665064 0.598672 0.615614 0.61112 0.619261 0.622822 0.669717 0.619936 0.680163 0.604336 0.665064 0.598672
0 0.474313 0.623555 0.500609 0.620791 0.520619 0.604184 0.515083 0.597516 0.469661 0.602289 0.461103 0.612858 0.474313 0.623555
