0 0.472973 0.622608 0.45823 0.613398 0.425398 0.611862 0.418187 0.620681 0.424364 0.636652 0.460303 0.638514 0.471778 0.633975 0.472973 0.622608
0 0.622714 0.722619 0.627934 0.732744 0.659772 0.74375 0.698819 0.745939 0.702523 0.740583 0.679255 0.722816 0.622714 0.722619
0 0.720817 0.805709 0.713844 0.797314 0.662564 0.791925 0.647583 0.799927 0.657266 0.812436 0.707191 0.815769 0.718467 0.813123 0.720817 0.805709
0 0.485287 0.669869 0.488158 0.687408 0.51087 0.695541 0.543702 0.697077 0.548403 0.682248 0.512303 0.666963 0.485287 0.669869
0 0.585939 0.743652 0.592117 0.759622 0.628616 0.77112 0.651923 0.773569 0.656425 0.760636 0.612955 0.740745 0.585939 0.743652
0 0.34607 0.634169 0.343481 0.658795 0.350853 0.6634 0.411656 0.667875 0.414405 0.656673 0.400059 0.643673 0.34607 0.634169
0 0.471338 0.578386 0.430775 0.560716 0.386866 0.559931 0.388181 0.577306 0.424083 0.594487 0.460022 0.596348 0.468389 0.591483 0.471338 0.578386
0 0.830981 0.729186 0.847119 0.725136 0.852775 0.716155 0.847356 0.707923 0.748103 0.695577 0.710211 0.697339 0.69037 0.706745 0.691127 0.714486 0.718898 0.71932 0.830981 0.729186
0 0.684431 0.673562 0.616134 0.635741 0.566608 0.628619 0.539395 0.63342 0.538398 0.642892 0.555453 0.660006 0.663034 0.682805 0.67702 0.684275 0.684431 0.673562
0 0.820497 0.649558 0.826553 0.636787 0.765989 0.6151 0.694308 0.609481 0.664944 0.619802 0.665103 0.633227 0.716742 0.650145 0.809222 0.652203 0.820497 0.649558
0 0.572698 0.525836 0.634219 0.55337 0.668406 0.556963 0.732555 0.544553 0.749289 0.53482 0.750683 0.521559 0.726256 0.499839 0.703544 0.491706 0.619831 0.480994 0.572975 0.493306 0.567875 0.511922 0.572698 0.525836
0 0.663837 0.137042 0.647341 0.129562 0.603233 0.130672 0.597973 0.135866 0.59455 0.183387 0.599533 0.210723 0.617145 0.237473 0.6548 0.252923 0.692692 0.251159 0.709425 0.241427 0.742258 0.242963 0.783295 0.226208 0.798714 0.1991 0.797636 0.164511 0.775759 0.133483 0.748584 0.122966 0.679017 0.127145 0.663837 0.137042
0 0.467748 0.634566 0.479267 0.629675 0.477077 0.613584 0.473127 0.61195 0.442959 0.603898 0.410659 0.606605 0.384425 0.608727 0.374734 0.624789 0.404141 0.640081 0.424794 0.643472 0.461303 0.638769 0.467748 0.634566
