0 0.657737 1 0.651947 0.98052 0.659258 0.944886 0.694289 0.891911 0.731264 0.880039 0.764166 0.891978 0.841405 0.89015 0.849722 0.840128 0.839191 0.783967 0.819956 0.748888 0.732908 0.718703 0.539173 0.697927 0.451336 0.713472 0.428413 0.731147 0.419089 0.795556 0.398733 0.811002 0.381158 0.855556 0.389073 0.880208 0.410152 0.888911 0.431617 0.926558 0.4315 0.962695 0.412366 0.995094 0.537447 1 0.657737 1
0 0.728933 0.465405 0.635075 0.463661 0.530738 0.439497 0.487406 0.438877 0.466042 0.468709 0.420145 0.470319 0.413891 0.525305 0.447462 0.527653 0.471828 0.558273 0.510195 0.560956 0.523527 0.542611 0.549067 0.556445 0.642039 0.538916 0.673544 0.533823 0.717764 0.556192 0.73985 0.550508 0.75023 0.505448 0.728933 0.465405
0 0.158664 0.729152 0.139984 0.720616 0.103511 0.725295 0.0759594 0.740236 0.0590562 0.7752 0.0688656 0.807212 0.0901125 0.813517 0.14042 0.7833 0.158664 0.729152
0 0.695259 0.395578 0.64797 0.382633 0.579653 0.394723 0.575914 0.413739 0.589463 0.426736 0.627664 0.431816 0.67133 0.427641 0.703845 0.410636 0.695259 0.395578
0 0.347652 0.438742 0.35005 0.438911 0.349883 0.441308 0.354678 0.441644 0.354511 0.444042 0.361705 0.444545 0.361537 0.446942 0.392711 0.449123 0.392878 0.446725 0.40247 0.447395 0.402637 0.444997 0.409833 0.4455 0.41 0.443103 0.414795 0.443438 0.414964 0.441041 0.419759 0.441375 0.419927 0.438977 0.42712 0.43948 0.427289 0.437083 0.432084 0.437417 0.432253 0.43502 0.437048 0.435355 0.437216 0.432958 0.439614 0.433125 0.43995 0.428328 0.442347 0.428497 0.443019 0.418905 0.438389 0.416172 0.438558 0.413773 0.383403 0.409917 0.383236 0.412314 0.373644 0.411644 0.373477 0.414042 0.36868 0.413706 0.365947 0.418334 0.361152 0.418 0.358417 0.422628 0.35602 0.422459 0.355852 0.424858 0.353455 0.424691 0.353286 0.427088 0.350889 0.42692 0.350553 0.431717 0.348155 0.431548 0.347652 0.438742
0 0.369686 0.399319 0.38887 0.400659 0.389038 0.398263 0.39863 0.398933 0.398798 0.396534 0.413186 0.397541 0.413353 0.395142 0.420547 0.395645 0.420716 0.393248 0.427909 0.393752 0.428077 0.391353 0.432873 0.391688 0.433711 0.379698 0.431313 0.379531 0.431481 0.377133 0.426684 0.376797 0.426853 0.3744 0.414863 0.373561 0.41503 0.371163 0.383856 0.368983 0.383689 0.371381 0.376495 0.370878 0.376327 0.373277 0.369133 0.372773 0.368966 0.37517 0.364169 0.374836 0.361436 0.379464 0.359038 0.379295 0.358703 0.384092 0.356305 0.383925 0.355634 0.393516 0.36043 0.393852 0.360263 0.39625 0.369855 0.39692 0.369686 0.399319
0 0.369803 0.363181 0.3746 0.363516 0.377333 0.358887 0.379731 0.359056 0.379898 0.356658 0.384695 0.356994 0.38503 0.352197 0.389994 0.350134 0.390664 0.340542 0.385869 0.340208 0.386036 0.337809 0.33328 0.33412 0.333113 0.336519 0.32352 0.335847 0.320788 0.340475 0.318389 0.340308 0.317886 0.347502 0.315489 0.347334 0.314986 0.354528 0.317383 0.354695 0.317048 0.359492 0.321677 0.362225 0.321509 0.364623 0.364672 0.367642 0.364841 0.365244 0.369636 0.365578 0.369803 0.363181
0 0.331486 0.394238 0.333884 0.394405 0.334555 0.384813 0.329927 0.38208 0.330094 0.379681 0.318105 0.378844 0.318272 0.376445 0.313477 0.376109 0.313308 0.378508 0.29892 0.377502 0.298753 0.3799 0.293956 0.379564 0.293453 0.386758 0.291056 0.386591 0.29072 0.391387 0.288322 0.391219 0.29005 0.400978 0.31403 0.402656 0.314197 0.400258 0.323789 0.400928 0.323956 0.39853 0.328753 0.398866 0.331486 0.394238
0 0.483231 0.395209 0.519033 0.400123 0.5192 0.397725 0.528792 0.398395 0.528959 0.395997 0.543348 0.397003 0.543516 0.394606 0.545914 0.394773 0.546417 0.38758 0.553945 0.383286 0.554114 0.380889 0.563873 0.379161 0.566606 0.374533 0.578597 0.375372 0.578764 0.372973 0.593487 0.369183 0.593655 0.366786 0.598452 0.36712 0.601184 0.362492 0.603583 0.362661 0.599289 0.355131 0.55133 0.351777 0.551162 0.354175 0.527014 0.354897 0.526847 0.357294 0.512459 0.356287 0.512291 0.358686 0.505097 0.358183 0.50493 0.360581 0.497736 0.360078 0.492436 0.366938 0.490039 0.366769 0.486802 0.378591 0.481839 0.380655 0.481 0.392644 0.483398 0.392811 0.483231 0.395209
0 0.633533 0.347886 0.667105 0.350234 0.667272 0.347836 0.684058 0.349009 0.684225 0.346612 0.693817 0.347283 0.693984 0.344884 0.698781 0.34522 0.699452 0.335628 0.694823 0.332895 0.694991 0.330497 0.690195 0.330161 0.690362 0.327764 0.685567 0.327428 0.685734 0.32503 0.635377 0.321509 0.635209 0.323906 0.628016 0.323403 0.627847 0.325802 0.620653 0.325298 0.620486 0.327697 0.615691 0.327361 0.615522 0.329759 0.610727 0.329423 0.610558 0.331822 0.608161 0.331655 0.607489 0.341245 0.612286 0.341581 0.612119 0.34398 0.6337 0.345489 0.633533 0.347886
0 0.584516 0.325181 0.582119 0.325014 0.582286 0.322616 0.575092 0.322112 0.575259 0.319714 0.541687 0.317367 0.54152 0.319766 0.536723 0.31943 0.533991 0.324058 0.531592 0.323891 0.530922 0.333483 0.53555 0.336216 0.535383 0.338614 0.568955 0.340961 0.569122 0.338562 0.576316 0.339066 0.576484 0.336669 0.58128 0.337003 0.581616 0.332208 0.584012 0.332375 0.584516 0.325181
0 0.462436 0.34797 0.479222 0.349145 0.479391 0.346747 0.486584 0.34725 0.486752 0.344852 0.496344 0.345522 0.499077 0.340894 0.501475 0.341062 0.501978 0.333867 0.49735 0.331134 0.497517 0.328736 0.492722 0.328402 0.492889 0.326003 0.476103 0.32483 0.475936 0.327228 0.45915 0.326053 0.458983 0.328452 0.451788 0.327948 0.45162 0.330347 0.446825 0.330011 0.446656 0.332409 0.444259 0.332242 0.443923 0.337037 0.441525 0.33687 0.440855 0.346463 0.443253 0.34663 0.443084 0.349028 0.462269 0.350369 0.462436 0.34797
0 0.561039 0.316311 0.592213 0.318491 0.592381 0.316092 0.60437 0.316931 0.604539 0.314533 0.616528 0.315372 0.616695 0.312973 0.626287 0.313644 0.629022 0.309016 0.631419 0.309183 0.629356 0.30422 0.626959 0.304052 0.627127 0.301655 0.62233 0.301319 0.622498 0.29892 0.608278 0.295517 0.608445 0.293119 0.594058 0.292112 0.594225 0.289714 0.58943 0.28938 0.589261 0.291777 0.570078 0.290436 0.569909 0.292833 0.565114 0.292498 0.562381 0.297127 0.557584 0.296791 0.55725 0.301588 0.554852 0.301419 0.554516 0.306216 0.552117 0.306048 0.55195 0.308445 0.556578 0.31118 0.556411 0.313577 0.561206 0.313912 0.561039 0.316311
0 0.570412 0.285639 0.572811 0.285808 0.572978 0.283409 0.584969 0.284248 0.585136 0.28185 0.587534 0.282017 0.588037 0.274823 0.540078 0.27147 0.539909 0.273867 0.52792 0.27303 0.527752 0.275427 0.522956 0.275092 0.522789 0.277491 0.517992 0.277155 0.514923 0.286578 0.519552 0.289312 0.519384 0.291711 0.562548 0.294728 0.562716 0.292331 0.567513 0.292666 0.56768 0.290267 0.570078 0.290436 0.570412 0.285639
0 0.638513 0.242208 0.633717 0.241872 0.633884 0.239473 0.619497 0.238467 0.619664 0.23607 0.593286 0.234225 0.593119 0.236623 0.583527 0.235953 0.583359 0.23835 0.580961 0.238183 0.580458 0.245377 0.582856 0.245544 0.582688 0.247942 0.587484 0.248278 0.587316 0.250677 0.618491 0.252856 0.618658 0.250458 0.633045 0.251464 0.633214 0.249066 0.638009 0.249402 0.638513 0.242208
0 0.677719 0.2329 0.658534 0.231559 0.658367 0.233956 0.651173 0.233453 0.651005 0.235852 0.648608 0.235684 0.648272 0.24048 0.65067 0.240648 0.650503 0.243045 0.660094 0.243716 0.659927 0.246114 0.679111 0.247456 0.679278 0.245058 0.681677 0.245225 0.68218 0.238031 0.677552 0.235298 0.677719 0.2329
0 0.533386 0.263773 0.571755 0.266456 0.572258 0.259261 0.555472 0.258087 0.555639 0.255691 0.553241 0.255522 0.553073 0.25792 0.533889 0.256578 0.531156 0.261208 0.533555 0.261375 0.533386 0.263773
0 0.524969 0.246316 0.520172 0.245981 0.519669 0.253175 0.531659 0.254013 0.531492 0.256411 0.548278 0.257584 0.548445 0.255188 0.560436 0.256025 0.56077 0.25123 0.558372 0.251061 0.558541 0.248664 0.553744 0.248328 0.553913 0.24593 0.525136 0.243919 0.524969 0.246316
