0 0.788784 0.343442 0.824706 0.305839 0.838344 0.242339 0.832627 0.177866 0.852673 0.147228 0.830522 0.0652125 0.731511 0.0453125 0.628888 0.0735953 0.606889 0.101448 0.604247 0.130273 0.622775 0.177478 0.674581 0.215903 0.681134 0.275641 0.702166 0.308641 0.724033 0.336906 0.753138 0.351802 0.788784 0.343442
0 0.486208 0.453631 0.51127 0.436083 0.518086 0.383583 0.488003 0.346547 0.487162 0.309784 0.472536 0.268152 0.447884 0.241836 0.393853 0.229867 0.365308 0.23948 0.323955 0.266361 0.323405 0.324847 0.297228 0.334877 0.2613 0.330983 0.244173 0.345048 0.24 0.368722 0.27412 0.396708 0.405158 0.414931 0.486208 0.453631
0 0.469236 0.577567 0.452522 0.54777 0.407961 0.537472 0.4191 0.529672 0.458927 0.539136 0.483155 0.52632 0.45697 0.494853 0.3244 0.471478 0.219128 0.487089 0.228323 0.518002 0.260077 0.545569 0.3531 0.571734 0.369117 0.591645 0.408944 0.601109 0.448908 0.595952 0.469236 0.577567
0 1 0.539559 0.941014 0.546031 0.83365 0.531981 0.802737 0.541177 0.79062 0.526834 0.762212 0.521827 0.698855 0.535064 0.683125 0.568903 0.710423 0.607891 0.722266 0.651473 0.795098 0.681403 0.850102 0.674016 0.917084 0.695589 0.950084 0.674558 0.964842 0.660073 0.960383 0.629997 0.914288 0.614545 0.891586 0.591016 0.979316 0.591839 0.990872 0.581672 1 0.542691 1 0.539559
0 0.558914 0.581175 0.610161 0.595094 0.634669 0.594533 0.649009 0.582416 0.650673 0.53145 0.62867 0.517806 0.580072 0.516559 0.580633 0.541067 0.559886 0.561819 0.558914 0.581175
0 0.556147 0.707616 0.505736 0.688962 0.431514 0.680758 0.439177 0.706517 0.551138 0.736023 0.564227 0.731008 0.566314 0.719172 0.556147 0.707616
0 0.224305 0.651544 0.266498 0.661425 0.330136 0.660441 0.364669 0.644561 0.366755 0.632725 0.347536 0.617131 0.274847 0.614078 0.232516 0.618819 0.215389 0.632886 0.224305 0.651544
0 0.0171969 0.358728 0.0424031 0.368053 0.0559094 0.360672 0.0557656 0.333797 0.0755391 0.332402 0.0788781 0.313463 0.0983719 0.299812 0.100877 0.285609 0.0354266 0.269186 0.0171969 0.358728
0 0 0.458445 0.0208344 0.476533 0.136278 0.513975 0.156886 0.507845 0.123875 0.445884 0.0761109 0.439903 0.0600953 0.419992 0.0218 0.41568 0.00592656 0.422645 0 0.456256 0 0.458445
0 0 0.717145 0.0781016 0.733166 0.110547 0.729122 0.112353 0.705031 0.0559547 0.692645 0 0.697609 0 0.717145
0 0.0908984 0.632903 0.125156 0.646266 0.176259 0.633308 0.181548 0.617155 0.10468 0.596278 0.0899203 0.610761 0.0908984 0.632903
