0 0.420298 1 0.57898 0.996547 0.560416 0.96382 0.560928 0.927686 0.583047 0.890419 0.604275 0.882086 0.612619 0.857577 0.595825 0.812722 0.575739 0.796923 0.567542 0.732361 0.54493 0.714289 0.457378 0.697213 0.263311 0.714605 0.175748 0.743266 0.155905 0.778005 0.144395 0.833972 0.151839 0.884133 0.229033 0.887308 0.262138 0.875945 0.298902 0.888461 0.333002 0.942037 0.339691 0.977795 0.333495 0.997377 0.339509 1 0.420298 1
0 0.488742 0.560769 0.52715 0.558756 0.552047 0.528566 0.585655 0.526805 0.580361 0.471717 0.534498 0.469306 0.513659 0.439106 0.470323 0.43897 0.36558 0.461309 0.271706 0.461414 0.249714 0.501081 0.259306 0.546314 0.281288 0.552384 0.325892 0.530789 0.357305 0.536431 0.449956 0.55558 0.475733 0.542194 0.488742 0.560769
0 0.854581 0.789531 0.904353 0.820623 0.925706 0.814691 0.936073 0.782853 0.919784 0.7476 0.892497 0.73218 0.856111 0.726866 0.837284 0.735073 0.854581 0.789531
0 0.297745 0.407092 0.329959 0.424661 0.373545 0.429598 0.41183 0.425184 0.425603 0.412428 0.422197 0.393348 0.3541 0.380067 0.306592 0.392186 0.297745 0.407092
0 0.568997 0.438612 0.573798 0.438361 0.573923 0.440761 0.581125 0.440384 0.581252 0.442784 0.586053 0.442533 0.586178 0.444933 0.59098 0.444681 0.591105 0.447083 0.598306 0.446705 0.598433 0.449106 0.608034 0.448603 0.608161 0.451003 0.639369 0.449367 0.639242 0.446967 0.646444 0.446589 0.646319 0.444189 0.651119 0.443937 0.650994 0.441538 0.653394 0.441411 0.653017 0.434209 0.650616 0.434334 0.650364 0.429534 0.647964 0.429659 0.647837 0.427259 0.645437 0.427384 0.645311 0.424984 0.642911 0.425111 0.640259 0.420434 0.635458 0.420686 0.632806 0.416011 0.628005 0.416263 0.627878 0.413863 0.618277 0.414366 0.61815 0.411966 0.562937 0.414859 0.563064 0.417259 0.558389 0.419911 0.558892 0.429514 0.561292 0.429387 0.561544 0.434189 0.563944 0.434063 0.56407 0.436464 0.568872 0.436213 0.568997 0.438612
0 0.573934 0.395025 0.581136 0.394648 0.581263 0.397048 0.588464 0.39667 0.588589 0.399072 0.602992 0.398317 0.603119 0.400717 0.61272 0.400214 0.612847 0.402614 0.63205 0.401608 0.631925 0.399208 0.641527 0.398705 0.641402 0.396303 0.646203 0.396052 0.6457 0.38645 0.643298 0.386575 0.643047 0.381775 0.640647 0.3819 0.637994 0.377225 0.633194 0.377477 0.633067 0.375077 0.625866 0.375453 0.625741 0.373053 0.618539 0.37343 0.618413 0.37103 0.587205 0.372666 0.587331 0.375066 0.575328 0.375695 0.575455 0.378095 0.570653 0.378347 0.570778 0.380748 0.568378 0.380873 0.569008 0.392877 0.573808 0.392625 0.573934 0.395025
0 0.627763 0.365725 0.632564 0.365473 0.632691 0.367875 0.637491 0.367623 0.637617 0.370023 0.680827 0.367759 0.680702 0.365358 0.685377 0.362706 0.685125 0.357905 0.687525 0.35778 0.687148 0.350578 0.684747 0.350703 0.68437 0.343502 0.681969 0.343628 0.679317 0.338952 0.669716 0.339456 0.669589 0.337055 0.616777 0.339823 0.616903 0.342223 0.612102 0.342475 0.612605 0.352077 0.617531 0.354227 0.617783 0.359027 0.622584 0.358775 0.622711 0.361177 0.625111 0.36105 0.627763 0.365725
0 0.677912 0.404019 0.687516 0.403516 0.687641 0.405916 0.711647 0.404658 0.713544 0.39493 0.711144 0.395056 0.710892 0.390255 0.708491 0.390381 0.708114 0.383178 0.703313 0.38343 0.703186 0.38103 0.688783 0.381784 0.688658 0.379384 0.683856 0.379636 0.683983 0.382036 0.67198 0.382666 0.672105 0.385066 0.66743 0.387719 0.667933 0.39732 0.670334 0.397194 0.672986 0.40187 0.677787 0.401619 0.677912 0.404019
0 0.438245 0.378066 0.447973 0.379962 0.448098 0.382362 0.455553 0.386786 0.45593 0.393987 0.45833 0.393863 0.458456 0.396263 0.472859 0.395508 0.472986 0.397908 0.482588 0.397405 0.482714 0.399806 0.518595 0.395519 0.51847 0.393117 0.52087 0.392992 0.520242 0.380989 0.515314 0.378841 0.512284 0.366962 0.509884 0.367089 0.504706 0.360139 0.497505 0.360516 0.497378 0.358116 0.490177 0.358494 0.490052 0.356092 0.475648 0.356847 0.475522 0.354447 0.451391 0.353305 0.451264 0.350905 0.403253 0.35342 0.39883 0.360873 0.401231 0.360747 0.403883 0.365423 0.408684 0.365172 0.408809 0.367572 0.423464 0.371619 0.423591 0.374019 0.435594 0.373389 0.438245 0.378066
0 0.308877 0.343923 0.31848 0.34342 0.318605 0.34582 0.335409 0.344941 0.335534 0.347341 0.369142 0.34558 0.369017 0.343178 0.390622 0.342047 0.390497 0.339645 0.395297 0.339394 0.394794 0.329792 0.392394 0.329917 0.392267 0.327517 0.387467 0.327769 0.387341 0.325369 0.382539 0.32562 0.382414 0.323219 0.375213 0.323597 0.375086 0.321197 0.367884 0.321573 0.367759 0.319173 0.317347 0.321816 0.317473 0.324216 0.312672 0.324467 0.312798 0.326867 0.307997 0.327119 0.308122 0.32952 0.303447 0.332172 0.30395 0.341775 0.308752 0.341523 0.308877 0.343923
0 0.426505 0.337759 0.433706 0.337381 0.433831 0.339781 0.467439 0.33802 0.467314 0.33562 0.471989 0.332967 0.471486 0.323366 0.469086 0.323492 0.466433 0.318816 0.461631 0.319067 0.461506 0.316667 0.427898 0.318428 0.428025 0.32083 0.420822 0.321206 0.420948 0.323608 0.418548 0.323733 0.418925 0.330934 0.421327 0.330809 0.421578 0.335609 0.426378 0.335358 0.426505 0.337759
0 0.51608 0.347508 0.523281 0.34713 0.523408 0.34953 0.540211 0.34865 0.540337 0.35105 0.559541 0.350044 0.559416 0.347644 0.561816 0.347517 0.561312 0.337916 0.558913 0.338041 0.558661 0.333241 0.556259 0.333366 0.556134 0.330966 0.551333 0.331217 0.551208 0.328816 0.544006 0.329194 0.54388 0.326794 0.527077 0.327673 0.52695 0.325273 0.510147 0.326153 0.510272 0.328555 0.50547 0.328806 0.505597 0.331206 0.500922 0.333859 0.501298 0.341061 0.5037 0.340934 0.506352 0.345609 0.515953 0.345106 0.51608 0.347508
0 0.371931 0.306919 0.374331 0.306792 0.376984 0.311469 0.386586 0.310966 0.386711 0.313366 0.398714 0.312736 0.398841 0.315137 0.410844 0.314508 0.410969 0.316909 0.442177 0.315273 0.44205 0.312872 0.446852 0.31262 0.446725 0.31022 0.4514 0.307569 0.451275 0.305167 0.448875 0.305294 0.448623 0.300492 0.446222 0.300619 0.44597 0.295817 0.441169 0.296069 0.438517 0.291394 0.433716 0.291645 0.433591 0.289244 0.414386 0.290252 0.414261 0.28785 0.409459 0.288102 0.409584 0.290503 0.395181 0.291258 0.395308 0.293658 0.38103 0.296814 0.381156 0.299214 0.376355 0.299466 0.37648 0.301866 0.37408 0.301992 0.371931 0.306919
0 0.436117 0.291519 0.440917 0.291267 0.441044 0.293669 0.484253 0.291403 0.484128 0.289003 0.488803 0.286352 0.4859 0.276875 0.481098 0.277127 0.480972 0.274725 0.476172 0.274977 0.476045 0.272577 0.464042 0.273206 0.463917 0.270805 0.415906 0.273322 0.416283 0.280523 0.418684 0.280397 0.418809 0.282797 0.430813 0.282169 0.430938 0.284569 0.433339 0.284444 0.433591 0.289244 0.435991 0.289119 0.436117 0.291519
0 0.385841 0.250825 0.417048 0.249191 0.416922 0.246789 0.421723 0.246537 0.421598 0.244137 0.423998 0.244011 0.42362 0.236809 0.42122 0.236936 0.421095 0.234534 0.411492 0.235038 0.411367 0.232637 0.384961 0.234022 0.385086 0.236422 0.370683 0.237177 0.370809 0.239578 0.366008 0.23983 0.366386 0.247031 0.371186 0.24678 0.371312 0.24918 0.385716 0.248425 0.385841 0.250825
0 0.35388 0.238058 0.35628 0.237931 0.356028 0.233131 0.353628 0.233256 0.353502 0.230856 0.3463 0.231233 0.346175 0.228833 0.32697 0.229839 0.327095 0.232241 0.32242 0.234892 0.322798 0.242094 0.325198 0.241967 0.325323 0.244369 0.344528 0.243363 0.344403 0.240961 0.354005 0.240458 0.35388 0.238058
0 0.451033 0.25463 0.448633 0.254756 0.448759 0.257156 0.431955 0.258038 0.432333 0.265239 0.470741 0.263227 0.470616 0.260825 0.473016 0.2607 0.470364 0.256025 0.451159 0.257031 0.451033 0.25463
0 0.472639 0.253498 0.484641 0.252869 0.484264 0.245667 0.479463 0.245919 0.479338 0.243519 0.45053 0.245028 0.450656 0.247428 0.445855 0.24768 0.445981 0.250081 0.44358 0.250206 0.443831 0.255008 0.455834 0.254378 0.455961 0.25678 0.472764 0.255898 0.472639 0.253498
