0 0.660491 1 0.666505 0.997377 0.660309 0.977795 0.666998 0.942037 0.701098 0.888461 0.737863 0.875945 0.770967 0.887308 0.848161 0.884133 0.855605 0.833972 0.844095 0.778005 0.824252 0.743266 0.736689 0.714605 0.542622 0.697213 0.45507 0.714289 0.432458 0.732361 0.424261 0.796923 0.404175 0.812722 0.387381 0.857577 0.395725 0.882086 0.416953 0.890419 0.439072 0.927686 0.439584 0.96382 0.42102 0.996547 0.579702 1 0.660491 1
0 0.728294 0.461414 0.63442 0.461309 0.529677 0.43897 0.486341 0.439106 0.465502 0.469306 0.419639 0.471717 0.414345 0.526805 0.447953 0.528566 0.47285 0.558756 0.511258 0.560769 0.524267 0.542194 0.550044 0.55558 0.642695 0.536431 0.674108 0.530789 0.718712 0.552384 0.740694 0.546314 0.750286 0.501081 0.728294 0.461414
0 0.162716 0.735073 0.143889 0.726866 0.107503 0.73218 0.0802156 0.7476 0.0639266 0.782853 0.0742938 0.814691 0.0956469 0.820623 0.145419 0.789531 0.162716 0.735073
0 0.693408 0.392186 0.6459 0.380067 0.577803 0.393348 0.574397 0.412428 0.58817 0.425184 0.626455 0.429598 0.670041 0.424661 0.702255 0.407092 0.693408 0.392186
0 0.346606 0.441411 0.349006 0.441538 0.348881 0.443937 0.353681 0.444189 0.353556 0.446589 0.360758 0.446967 0.360631 0.449367 0.391839 0.451003 0.391966 0.448603 0.401567 0.449106 0.401694 0.446705 0.408895 0.447083 0.40902 0.444681 0.413822 0.444933 0.413947 0.442533 0.418748 0.442784 0.418875 0.440384 0.426077 0.440761 0.426202 0.438361 0.431003 0.438612 0.431128 0.436213 0.43593 0.436464 0.436056 0.434063 0.438456 0.434189 0.438708 0.429387 0.441108 0.429514 0.441611 0.419911 0.436936 0.417259 0.437063 0.414859 0.38185 0.411966 0.381723 0.414366 0.372122 0.413863 0.371995 0.416263 0.367194 0.416011 0.364542 0.420686 0.359741 0.420434 0.357089 0.425111 0.354689 0.424984 0.354563 0.427384 0.352162 0.427259 0.352036 0.429659 0.349636 0.429534 0.349384 0.434334 0.346983 0.434209 0.346606 0.441411
0 0.36795 0.401608 0.387153 0.402614 0.38728 0.400214 0.396881 0.400717 0.397008 0.398317 0.411411 0.399072 0.411536 0.39667 0.418738 0.397048 0.418864 0.394648 0.426066 0.395025 0.426192 0.392625 0.430992 0.392877 0.431622 0.380873 0.429222 0.380748 0.429347 0.378347 0.424545 0.378095 0.424672 0.375695 0.412669 0.375066 0.412795 0.372666 0.381588 0.37103 0.381461 0.37343 0.374259 0.373053 0.374134 0.375453 0.366933 0.375077 0.366806 0.377477 0.362006 0.377225 0.359353 0.3819 0.356953 0.381775 0.356702 0.386575 0.3543 0.38645 0.353797 0.396052 0.358598 0.396303 0.358473 0.398705 0.368075 0.399208 0.36795 0.401608
0 0.367436 0.365473 0.372237 0.365725 0.374889 0.36105 0.377289 0.361177 0.377416 0.358775 0.382217 0.359027 0.382469 0.354227 0.387395 0.352077 0.387898 0.342475 0.383097 0.342223 0.383223 0.339823 0.330411 0.337055 0.330284 0.339456 0.320683 0.338952 0.318031 0.343628 0.31563 0.343502 0.315253 0.350703 0.312852 0.350578 0.312475 0.35778 0.314875 0.357905 0.314623 0.362706 0.319298 0.365358 0.319173 0.367759 0.362383 0.370023 0.362509 0.367623 0.367309 0.367875 0.367436 0.365473
0 0.329666 0.397194 0.332067 0.39732 0.33257 0.387719 0.327895 0.385066 0.32802 0.382666 0.316017 0.382036 0.316144 0.379636 0.311342 0.379384 0.311217 0.381784 0.296814 0.38103 0.296687 0.38343 0.291886 0.383178 0.291509 0.390381 0.289108 0.390255 0.288856 0.395056 0.286456 0.39493 0.288353 0.404658 0.312359 0.405916 0.312484 0.403516 0.322087 0.404019 0.322213 0.401619 0.327014 0.40187 0.329666 0.397194
0 0.481405 0.395519 0.517286 0.399806 0.517413 0.397405 0.527014 0.397908 0.527141 0.395508 0.541544 0.396263 0.54167 0.393863 0.54407 0.393987 0.544447 0.386786 0.551902 0.382362 0.552027 0.379962 0.561755 0.378066 0.564406 0.373389 0.576409 0.374019 0.576536 0.371619 0.591191 0.367572 0.591316 0.365172 0.596117 0.365423 0.598769 0.360747 0.60117 0.360873 0.596747 0.35342 0.548736 0.350905 0.548609 0.353305 0.524478 0.354447 0.524352 0.356847 0.509948 0.356092 0.509823 0.358494 0.502622 0.358116 0.502495 0.360516 0.495294 0.360139 0.490116 0.367089 0.487716 0.366962 0.484686 0.378841 0.479758 0.380989 0.47913 0.392992 0.48153 0.393117 0.481405 0.395519
0 0.630858 0.34558 0.664466 0.347341 0.664591 0.344941 0.681395 0.34582 0.68152 0.34342 0.691123 0.343923 0.691248 0.341523 0.69605 0.341775 0.696553 0.332172 0.691878 0.32952 0.692003 0.327119 0.687202 0.326867 0.687328 0.324467 0.682527 0.324216 0.682653 0.321816 0.632241 0.319173 0.632116 0.321573 0.624914 0.321197 0.624787 0.323597 0.617586 0.323219 0.617461 0.32562 0.612659 0.325369 0.612533 0.327769 0.607733 0.327517 0.607606 0.329917 0.605206 0.329792 0.604703 0.339394 0.609503 0.339645 0.609378 0.342047 0.630983 0.343178 0.630858 0.34558
0 0.581452 0.323733 0.579052 0.323608 0.579178 0.321206 0.571975 0.32083 0.572102 0.318428 0.538494 0.316667 0.538369 0.319067 0.533567 0.318816 0.530914 0.323492 0.528514 0.323366 0.528011 0.332967 0.532686 0.33562 0.532561 0.33802 0.566169 0.339781 0.566294 0.337381 0.573495 0.337759 0.573622 0.335358 0.578422 0.335609 0.578673 0.330809 0.581075 0.330934 0.581452 0.323733
0 0.459789 0.34865 0.476592 0.34953 0.476719 0.34713 0.48392 0.347508 0.484047 0.345106 0.493648 0.345609 0.4963 0.340934 0.498702 0.341061 0.499078 0.333859 0.494403 0.331206 0.49453 0.328806 0.489728 0.328555 0.489853 0.326153 0.47305 0.325273 0.472923 0.327673 0.45612 0.326794 0.455994 0.329194 0.448792 0.328816 0.448667 0.331217 0.443866 0.330966 0.443741 0.333366 0.441339 0.333241 0.441087 0.338041 0.438688 0.337916 0.438184 0.347517 0.440584 0.347644 0.440459 0.350044 0.459663 0.35105 0.459789 0.34865
0 0.557823 0.315273 0.589031 0.316909 0.589156 0.314508 0.601159 0.315137 0.601286 0.312736 0.613289 0.313366 0.613414 0.310966 0.623016 0.311469 0.625669 0.306792 0.628069 0.306919 0.62592 0.301992 0.62352 0.301866 0.623645 0.299466 0.618844 0.299214 0.61897 0.296814 0.604692 0.293658 0.604819 0.291258 0.590416 0.290503 0.590541 0.288102 0.585739 0.28785 0.585614 0.290252 0.566409 0.289244 0.566284 0.291645 0.561483 0.291394 0.558831 0.296069 0.55403 0.295817 0.553778 0.300619 0.551377 0.300492 0.551125 0.305294 0.548725 0.305167 0.5486 0.307569 0.553275 0.31022 0.553148 0.31262 0.55795 0.312872 0.557823 0.315273
0 0.566661 0.284444 0.569063 0.284569 0.569187 0.282169 0.581191 0.282797 0.581316 0.280397 0.583717 0.280523 0.584094 0.273322 0.536083 0.270805 0.535958 0.273206 0.523955 0.272577 0.523828 0.274977 0.519028 0.274725 0.518902 0.277127 0.5141 0.276875 0.511197 0.286352 0.515872 0.289003 0.515747 0.291403 0.558956 0.293669 0.559083 0.291267 0.563883 0.291519 0.564009 0.289119 0.566409 0.289244 0.566661 0.284444
0 0.633992 0.23983 0.629191 0.239578 0.629317 0.237177 0.614914 0.236422 0.615039 0.234022 0.588633 0.232637 0.588508 0.235038 0.578905 0.234534 0.57878 0.236936 0.57638 0.236809 0.576002 0.244011 0.578402 0.244137 0.578277 0.246537 0.583078 0.246789 0.582952 0.249191 0.614159 0.250825 0.614284 0.248425 0.628688 0.24918 0.628814 0.24678 0.633614 0.247031 0.633992 0.23983
0 0.67303 0.229839 0.653825 0.228833 0.6537 0.231233 0.646498 0.230856 0.646372 0.233256 0.643972 0.233131 0.64372 0.237931 0.64612 0.238058 0.645995 0.240458 0.655597 0.240961 0.655472 0.243363 0.674677 0.244369 0.674802 0.241967 0.677202 0.242094 0.67758 0.234892 0.672905 0.232241 0.67303 0.229839
0 0.529259 0.263227 0.567667 0.265239 0.568045 0.258038 0.551241 0.257156 0.551367 0.254756 0.548967 0.25463 0.548841 0.257031 0.529636 0.256025 0.526984 0.2607 0.529384 0.260825 0.529259 0.263227
0 0.520537 0.245919 0.515736 0.245667 0.515359 0.252869 0.527361 0.253498 0.527236 0.255898 0.544039 0.25678 0.544166 0.254378 0.556169 0.255008 0.55642 0.250206 0.554019 0.250081 0.554145 0.24768 0.549344 0.247428 0.54947 0.245028 0.520663 0.243519 0.520537 0.245919
