0 0.50727 0.258275 0.504594 0.277319 0.521 0.316036 0.608072 0.335556 0.698491 0.33127 0.722927 0.312858 0.724895 0.281578 0.700717 0.263614 0.649016 0.251494 0.552795 0.245253 0.50727 0.258275
0 1 0.391894 0.943047 0.387489 0.879522 0.407691 0.857467 0.426438 0.862602 0.441723 0.93063 0.458567 1 0.451231 1 0.391894
0 0.868777 0.466867 0.825633 0.480223 0.824295 0.489745 0.837573 0.498894 0.86852 0.503242 0.913375 0.494981 0.924905 0.482038 0.868777 0.466867
0 0.874992 0.509008 0.805625 0.501686 0.767241 0.515711 0.775091 0.528952 0.805702 0.535681 0.857364 0.530805 0.873319 0.520909 0.874992 0.509008
0 0.545036 0.421367 0.59707 0.431108 0.635455 0.417083 0.634708 0.387848 0.580627 0.375394 0.529338 0.394888 0.545036 0.421367
0 0.352386 0.168538 0.399661 0.177609 0.434659 0.170391 0.462144 0.147552 0.471589 0.114894 0.467459 0.0924672 0.419811 0.0687781 0.362011 0.0655094 0.339777 0.154628 0.352386 0.168538
0 0.491547 0.370156 0.506086 0.335788 0.498237 0.322547 0.425447 0.305034 0.389109 0.321775 0.388814 0.341153 0.405516 0.360492 0.444645 0.375702 0.491547 0.370156
0 0.427428 0.429114 0.469608 0.439897 0.506987 0.433012 0.505906 0.406159 0.449444 0.393369 0.426013 0.404641 0.427428 0.429114
0 0.307402 0.419528 0.250272 0.411498 0.222748 0.417341 0.22383 0.444194 0.277575 0.45903 0.322431 0.45077 0.325108 0.431727 0.307402 0.419528
0 0.309267 0.492614 0.369822 0.510834 0.448337 0.504877 0.455106 0.491263 0.366991 0.461888 0.297327 0.473944 0.309267 0.492614
0 0.540133 0.508067 0.594214 0.520523 0.622072 0.512302 0.617273 0.494634 0.548573 0.482552 0.535334 0.490402 0.540133 0.508067
0 0.712311 0.578388 0.745303 0.585452 0.762634 0.583033 0.774498 0.567708 0.744222 0.558598 0.711938 0.56377 0.712311 0.578388
0 0.644023 0.59792 0.677016 0.604984 0.702158 0.598808 0.705877 0.58962 0.677981 0.580845 0.638555 0.585014 0.644023 0.59792
0 0.422977 0.564427 0.491675 0.576509 0.503205 0.563564 0.495355 0.550323 0.426322 0.540622 0.415797 0.546425 0.422977 0.564427
0 0.660095 0.639019 0.719272 0.649763 0.756986 0.640498 0.750848 0.632353 0.698478 0.624994 0.654627 0.626112 0.660095 0.639019
0 0.636291 0.635673 0.585297 0.635789 0.586005 0.648025 0.635659 0.657431 0.64957 0.644822 0.636291 0.635673
0 0.445186 0.61367 0.47137 0.61735 0.494802 0.606078 0.491044 0.598267 0.445816 0.591911 0.434956 0.600095 0.445186 0.61367
