0 0.608173 0.46875 0.649039 0.473558 0.670673 0.461539 0.673077 0.444711 0.629808 0.439903 0.608173 0.451923 0.608173 0.46875
0 0.550481 0.403847 0.514423 0.408653 0.516827 0.435097 0.545673 0.4375 0.557692 0.423077 0.550481 0.403847
0 0.382211 0.25 0.447116 0.262019 0.454327 0.230769 0.439903 0.211539 0.413461 0.199519 0.382211 0.209134 0.382211 0.25
0 0.59375 0.201923 0.543269 0.204327 0.512019 0.235577 0.528847 0.266827 0.564903 0.28125 0.588942 0.264423 0.598558 0.242789 0.59375 0.201923
0 0.819711 0.204327 0.831731 0.204327 0.882211 0.192308 0.911058 0.161058 0.911058 0.0985578 0.894231 0.0697109 0.84375 0.0697109 0.8125 0.100961 0.807692 0.189903 0.819711 0.204327
0 0.733173 0.127403 0.769231 0.129808 0.805289 0.112981 0.814903 0.0817313 0.800481 0.0432688 0.776442 0.0264422 0.742789 0.0336531 0.721153 0.0745187 0.723558 0.117789 0.733173 0.127403
0 0.673077 0.108173 0.673077 0.0649031 0.646634 0.0384609 0.625 0.03125 0.584134 0.0625 0.579327 0.100961 0.596153 0.125 0.639423 0.134616 0.673077 0.108173
0 0.5 0 0.533653 0.0336531 0.586539 0.0432688 0.617789 0.0240391 0.622597 0 0.5 0
0 0.521634 0.134616 0.524039 0.0745187 0.509616 0.0600969 0.475961 0.0576922 0.447116 0.0841344 0.444711 0.120192 0.466347 0.153847 0.502403 0.161058 0.521634 0.134616
0 0.307692 0.0649031 0.346153 0.0721156 0.387019 0.0625 0.384616 0.00961562 0.274039 0.0144234 0.283653 0.0408656 0.307692 0.0649031
0 0.6875 0.216347 0.665866 0.216347 0.625 0.254808 0.622597 0.283653 0.641827 0.288461 0.689903 0.257211 0.694711 0.235577 0.6875 0.216347
0 0 0.168269 0.0336531 0.177884 0.0961531 0.245192 0.0961531 0.278847 0.0697109 0.305289 0.0769234 0.348558 0.129808 0.379808 0.177884 0.384616 0.211539 0.370192 0.206731 0.346153 0.192308 0.336539 0.204327 0.326923 0.233173 0.326923 0.276442 0.365384 0.305289 0.370192 0.324519 0.355769 0.362981 0.348558 0.370192 0.326923 0.324519 0.274039 0.252403 0.225961 0.192308 0.204327 0.117789 0.206731 0.0769234 0.141827 0.0745187 0.03125 0 0.0336531 0 0.168269
