0 0.828866 0.268686 0.907872 0.206894 0.937925 0.0819469 0.924836 0.0684859 0.863181 0.0571719 0.691053 0.0390797 0.656327 0.0475156 0.552659 0.113967 0.526872 0.152347 0.523734 0.205192 0.536952 0.240422 0.560987 0.264702 0.591061 0.277531 0.655106 0.289097 0.798669 0.280014 0.828866 0.268686
0 0.327333 0.257063 0.232344 0.309923 0.219767 0.337606 0.216378 0.392844 0.270739 0.427562 0.377817 0.44365 0.446766 0.431561 0.474442 0.398212 0.472547 0.347255 0.421452 0.281458 0.382319 0.262842 0.327333 0.257063
0 0.0995859 0.216206 0.111539 0.217462 0.171428 0.199586 0.17117 0.156052 0.118948 0.123975 0.0766703 0.11228 0.0569203 0.139209 0.0531516 0.175069 0.0629656 0.173684 0.0995859 0.216206
0 0.704866 0.666558 0.7596 0.674728 0.763377 0.684792 0.751553 0.705303 0.796222 0.71725 0.872342 0.705914 0.874353 0.686789 0.800364 0.654841 0.795705 0.63018 0.809417 0.614702 0.812683 0.583623 0.791159 0.535436 0.702073 0.509153 0.644697 0.503123 0.597767 0.512692 0.545925 0.499992 0.512836 0.515852 0.469309 0.562036 0.469187 0.586194 0.522414 0.608708 0.697816 0.641645 0.704866 0.666558
0 0.451706 0.637533 0.434339 0.618788 0.362367 0.613641 0.36035 0.586841 0.322222 0.558661 0.276547 0.556278 0.250881 0.5705 0.244091 0.589123 0.25315 0.594909 0.33368 0.610625 0.342116 0.64535 0.396347 0.658302 0.449947 0.654267 0.46605 0.639039 0.451706 0.637533
0 0.078875 0.52825 0.129078 0.533527 0.164056 0.522702 0.167825 0.486841 0.128059 0.451239 0.107297 0.441806 0.0781063 0.443572 0.0557141 0.472641 0.0540844 0.511142 0.078875 0.52825
0 0.00550312 0.421439 0.0384703 0.429737 0.0516797 0.419041 0.0559516 0.378398 0.0322953 0.373495 0.0149297 0.35475 0.00550312 0.421439
0 0.526828 0.681684 0.474234 0.676156 0.382764 0.695547 0.383777 0.731911 0.433728 0.739578 0.552883 0.732764 0.567852 0.705333 0.526828 0.681684
0 0.654433 0.801448 0.641222 0.812145 0.646887 0.827242 0.706653 0.833525 0.767175 0.832634 0.789064 0.808347 0.823791 0.799911 0.810953 0.784059 0.758609 0.776141 0.718097 0.793637 0.654433 0.801448
0 0.666881 0.751997 0.707272 0.758659 0.737467 0.747331 0.731803 0.732233 0.700975 0.726575 0.661217 0.7369 0.666881 0.751997
0 0.601694 0.682302 0.639442 0.691103 0.677061 0.678137 0.671648 0.660648 0.638681 0.65235 0.603955 0.660786 0.601694 0.682302
0 0.506591 0.805245 0.561577 0.811025 0.587242 0.796803 0.57755 0.77403 0.541691 0.770261 0.496647 0.784864 0.506591 0.805245
0 0.506088 0.810027 0.458777 0.80022 0.433362 0.812052 0.478031 0.823998 0.50005 0.821478 0.506088 0.810027
0 0.168927 0 0.290934 0.0284484 0.36152 0.0237813 0.375483 0.0059125 0.376105 0 0.168927 0
0 0.485966 0.863505 0.593042 0.879594 0.699237 0.881087 0.714588 0.873031 0.715844 0.861078 0.709677 0.850763 0.660227 0.838313 0.532766 0.832167 0.478413 0.843375 0.485966 0.863505
0 0.315961 0.756205 0.242231 0.767792 0.247392 0.787672 0.266016 0.794463 0.364033 0.804764 0.386052 0.802245 0.389698 0.790542 0.315961 0.756205
0 0.245741 0.688397 0.286131 0.695059 0.306011 0.689897 0.305128 0.675302 0.282227 0.663227 0.255677 0.662853 0.245741 0.688397
0 0.359259 0.850187 0.296347 0.850827 0.287919 0.862027 0.290942 0.879264 0.369331 0.892338 0.396634 0.885538 0.405566 0.869558 0.359259 0.850187
0 0.207892 0.84153 0.265269 0.847561 0.287036 0.847431 0.290934 0.833338 0.25155 0.817113 0.257587 0.805663 0.250917 0.800127 0.219587 0.799252 0.200089 0.823791 0.207892 0.84153
0 0.266411 0.905691 0.223881 0.896386 0.194561 0.876384 0.195314 0.869213 0.224255 0.869838 0.227398 0.862917 0.178953 0.840905 0.14473 0.844559 0.159706 0.863053 0.139575 0.870606 0.130644 0.886586 0.18802 0.892617 0.21042 0.909473 0.255591 0.916639 0.268047 0.913114 0.266411 0.905691
0 1 0.342 0.997605 0.342014 0.978358 0.364163 0.978487 0.38593 0.9839 0.403417 1 0.41678 1 0.342
0 0.977267 0.627509 0.915741 0.637962 0.921406 0.653061 0.966327 0.662616 0.977397 0.649277 0.977267 0.627509
