0 0.440386 0.366945 0.445956 0.376883 0.478556 0.381072 0.494675 0.374561 0.495472 0.363161 0.484959 0.356697 0.449242 0.352291 0.440386 0.366945
0 0.715222 0.311697 0.741223 0.298241 0.738505 0.292322 0.69967 0.287697 0.666406 0.293008 0.659508 0.302073 0.715222 0.311697
0 0.697422 0.230258 0.710786 0.240739 0.762223 0.244336 0.770548 0.23728 0.76952 0.22957 0.758875 0.225008 0.70913 0.219619 0.697422 0.230258
0 0.541108 0.337711 0.579314 0.328925 0.577259 0.313506 0.544659 0.309317 0.520881 0.313383 0.515009 0.330158 0.541108 0.337711
0 0.653042 0.282527 0.699308 0.270487 0.69712 0.256967 0.673741 0.255333 0.6358 0.260317 0.626944 0.274973 0.653042 0.282527
0 0.426527 0.341155 0.442911 0.330844 0.442148 0.319334 0.381494 0.313183 0.373434 0.316439 0.371706 0.341141 0.426527 0.341155
0 0.403305 0.40445 0.398992 0.421334 0.442369 0.428186 0.485384 0.417828 0.484755 0.404419 0.477361 0.398173 0.441644 0.393766 0.403305 0.40445
0 0.884952 0.348387 0.880939 0.338561 0.865752 0.33177 0.753658 0.322022 0.725469 0.321961 0.723378 0.329453 0.741286 0.342161 0.778295 0.350477 0.878184 0.355553 0.884952 0.348387
0 0.70633 0.349264 0.692302 0.348283 0.582395 0.352055 0.562628 0.365947 0.561964 0.375447 0.587931 0.384902 0.637942 0.386489 0.711767 0.3611 0.70633 0.349264
0 0.830955 0.403805 0.739522 0.389773 0.68573 0.397469 0.683241 0.410659 0.710367 0.425922 0.781934 0.432836 0.845345 0.421995 0.841598 0.408367 0.830955 0.403805
0 0.614709 0.539527 0.699013 0.543513 0.722791 0.539447 0.750617 0.522298 0.751547 0.508997 0.736758 0.496506 0.675739 0.473145 0.641447 0.470748 0.57608 0.487181 0.568914 0.500045 0.570703 0.519264 0.614709 0.539527
0 0.661344 0.791011 0.646553 0.77852 0.609544 0.770205 0.569778 0.77888 0.547789 0.802166 0.538134 0.828222 0.533255 0.875616 0.537531 0.881644 0.580777 0.890395 0.59832 0.885894 0.611552 0.898275 0.679338 0.914472 0.707925 0.908833 0.734858 0.882075 0.741925 0.8482 0.731448 0.818827 0.693942 0.7952 0.661344 0.791011
0 0.429922 0.345402 0.398306 0.355355 0.405061 0.372856 0.43053 0.379502 0.461867 0.387775 0.492975 0.385084 0.497148 0.384161 0.5021 0.368694 0.491605 0.361878 0.485987 0.35662 0.45085 0.345648 0.429922 0.345402
