0 0.371752 0.728234 0.230366 0.754745 0.201777 0.769669 0.130889 0.840628 0.116288 0.968306 0.130919 0.980072 0.193492 0.983789 0.366544 0.980767 0.399983 0.968163 0.49478 0.889573 0.515697 0.848338 0.51237 0.795502 0.494959 0.762147 0.468144 0.740977 0.43673 0.731909 0.371752 0.728234
0 0.604595 0.707341 0.645706 0.721048 0.700987 0.720083 0.788825 0.656041 0.797936 0.627031 0.794567 0.571794 0.73638 0.543958 0.628139 0.541039 0.561178 0.561442 0.537772 0.597914 0.545864 0.648261 0.604595 0.707341
0 0.983117 0.768052 0.973545 0.770623 0.932014 0.73288 0.919997 0.733091 0.862733 0.758131 0.868295 0.801311 0.924038 0.826784 0.967425 0.833239 0.983747 0.804103 0.983117 0.768052
0 0.464505 0.394834 0.286397 0.383517 0.276363 0.359652 0.221041 0.358212 0.216066 0.348683 0.225302 0.326883 0.179511 0.32047 0.105338 0.340998 0.105673 0.360227 0.183005 0.382919 0.190634 0.406827 0.178911 0.423861 0.179456 0.455106 0.206692 0.500311 0.298317 0.515542 0.356002 0.514534 0.401416 0.499317 0.454417 0.505605 0.485328 0.485831 0.522902 0.434686 0.52008 0.410694 0.464505 0.394834
0 0.53088 0.340783 0.516753 0.357859 0.531173 0.357608 0.550695 0.374095 0.622758 0.370434 0.628027 0.396789 0.669305 0.420109 0.714928 0.416909 0.73867 0.399666 0.743141 0.380353 0.733444 0.375714 0.651598 0.369931 0.638994 0.336492 0.583589 0.330245 0.53088 0.340783
0 0.944308 0.473011 0.941233 0.434597 0.914544 0.420638 0.86407 0.421519 0.830673 0.436527 0.831303 0.47258 0.875111 0.503069 0.896867 0.509902 0.925625 0.504592 0.944308 0.473011
0 1 0.517664 0.966653 0.513492 0.954845 0.52572 0.955558 0.566578 0.979634 0.568562 0.999156 0.585052 1 0.538828 1 0.517664
0 0.419145 0.275416 0.407631 0.304467 0.45123 0.322939 0.504106 0.322017 0.592531 0.291622 0.587095 0.255655 0.53658 0.254131 0.419145 0.275416
0 0.209664 0.257434 0.247742 0.235131 0.309981 0.21962 0.321789 0.207392 0.314327 0.193097 0.254241 0.194147 0.19428 0.202406 0.175513 0.22918 0.142073 0.241784 0.156747 0.255953 0.209664 0.257434
0 0.272911 0.299606 0.311114 0.284514 0.303652 0.270219 0.262752 0.268528 0.234161 0.283453 0.241623 0.297748 0.272911 0.299606
0 0.343786 0.365686 0.377225 0.353081 0.376847 0.33145 0.338308 0.327316 0.30255 0.344769 0.310053 0.361467 0.343786 0.365686
0 0.425684 0.236834 0.468611 0.216852 0.456258 0.197833 0.400978 0.198798 0.377238 0.216042 0.389633 0.237462 0.425684 0.236834
0 0.482319 0.175741 0.460772 0.180925 0.456175 0.193027 0.504328 0.196994 0.528111 0.182153 0.482319 0.175741
0 0.946159 0.992289 0.899864 0.957033 0.764975 0.942558 0.695484 0.955792 0.683803 0.97523 0.68418 0.996861 0.946159 0.992289
0 0.426997 0.174302 0.47958 0.156555 0.46963 0.137494 0.361389 0.134575 0.255805 0.146034 0.241552 0.1559 0.241761 0.167917 0.249139 0.177406 0.299739 0.183736 0.426997 0.174302
0 0.576264 0.186122 0.57407 0.198181 0.651444 0.223277 0.723213 0.202791 0.715666 0.183688 0.696355 0.179217 0.597813 0.180936 0.576264 0.186122
0 0.696258 0.31145 0.722655 0.308584 0.729403 0.28202 0.688503 0.280331 0.6694 0.287877 0.672056 0.302256 0.696258 0.31145
0 0.555611 0.104739 0.548694 0.121689 0.597014 0.13527 0.65938 0.126969 0.66638 0.114827 0.66128 0.0980859 0.581881 0.0946625 0.555611 0.104739
0 0.741853 0.168806 0.758216 0.142073 0.748308 0.125417 0.690625 0.126423 0.669036 0.129205 0.666883 0.143667 0.707953 0.154972 0.703355 0.167073 0.71065 0.171755 0.741853 0.168806
0 0.691811 0.0566813 0.679878 0.0616984 0.682408 0.0688656 0.725753 0.0729188 0.757292 0.0891969 0.757419 0.0964078 0.728619 0.0993141 0.726341 0.106567 0.777108 0.122509 0.810631 0.114712 0.793513 0.0981812 0.812573 0.0882328 0.819489 0.0712812 0.761806 0.0722891 0.73752 0.0582875 0.691811 0.0566813
0 0.00376875 0.720233 0.0253578 0.717452 0.0417625 0.693123 0.0389813 0.671533 0.0314766 0.654834 0.0023 0.636111 0.00376875 0.720233
0 0.0173328 0.395427 0.00797031 0.410016 0.0107516 0.431605 0.0705438 0.413731 0.0630828 0.399438 0.0173328 0.395427
