0 0.0775109 0.214662 0.277178 0.213366 0.298431 0.190531 0.32203 0.190227 0.332695 0.163494 0.327531 0.137883 0.228764 0.135858 0.171008 0.177139 0.067975 0.185806 0.0641047 0.207683 0.0775109 0.214662
0 0.386736 0.0828281 0.411416 0.102134 0.482211 0.101219 0.520162 0.0689984 0.531513 0.0506938 0.53383 0.0286547 0.499247 0.0138781 0.391842 0.0193016 0.363977 0.0303 0.343409 0.0615625 0.345069 0.0756641 0.386736 0.0828281
0 0.0773953 0.484828 0.0815844 0.504766 0.147931 0.531238 0.195602 0.51118 0.201316 0.486711 0.0949625 0.467178 0.0773953 0.484828
0 0.435558 0.426875 0.481025 0.416517 0.511148 0.393936 0.509777 0.37708 0.45373 0.357262 0.419391 0.385822 0.380361 0.399883 0.359473 0.403742 0.349172 0.410336 0.354519 0.419253 0.435558 0.426875
0 1 0.213919 0.772537 0.179084 0.652122 0.188711 0.651648 0.208159 0.65855 0.217241 0.685362 0.2312 0.923222 0.270127 0.976925 0.267414 1 0.223173 1 0.213919
0 0.431095 0.647344 0.387586 0.642772 0.359431 0.656523 0.357694 0.673053 0.381689 0.683931 0.421116 0.682505 0.442369 0.65967 0.431095 0.647344
0 0.109305 0.719366 0.166405 0.714227 0.17125 0.698023 0.11473 0.697653 0.104537 0.704937 0.109305 0.719366
0 0.0924234 0.745445 0.0832063 0.758403 0.0910828 0.773158 0.112837 0.775444 0.127875 0.751956 0.124081 0.743202 0.0924234 0.745445
0 0.621883 0.581052 0.620145 0.597581 0.628891 0.60407 0.647537 0.60603 0.656466 0.595828 0.639266 0.580092 0.621883 0.581052
0 0.789544 0.495616 0.788386 0.506636 0.796841 0.51588 0.83598 0.517208 0.857917 0.502802 0.800316 0.48282 0.789544 0.495616
0 1 0.0497984 0.995138 0.0492875 0.987764 0.0596531 0.899295 0.0642812 0.875512 0.0812797 0.809669 0.0799297 0.806164 0.0684203 0.754884 0.0630297 0.650587 0.0687797 0.520056 0.0550609 0.462406 0.11028 0.42045 0.105869 0.374883 0.0760125 0.30098 0.0766 0.28768 0.0835578 0.257894 0.127778 0.328506 0.143556 0.324742 0.17937 0.297456 0.184858 0.281734 0.199917 0.278153 0.219039 0.283211 0.230713 0.320505 0.234631 0.338361 0.214225 0.392064 0.211514 0.54935 0.150056 0.710853 0.153103 0.711539 0.161531 0.734269 0.169492 0.787392 0.172289 0.869856 0.194884 0.878784 0.184681 0.926561 0.178561 0.957137 0.156706 1 0.161211 1 0.0497984
0 0.151762 0.300456 0.10778 0.315331 0.0832063 0.309963 0.0301891 0.321103 0.0118594 0.360956 0.008675 0.391259 0.0130469 0.394505 0.0521859 0.395833 0.0641141 0.372019 0.0737281 0.370244 0.341691 0.406764 0.353727 0.396888 0.409273 0.391584 0.418095 0.367444 0.3872 0.347484 0.243262 0.326786 0.235675 0.309277 0.151762 0.300456
0 0.697891 0.530548 0.704 0.517264 0.676212 0.497631 0.52577 0.479033 0.375511 0.443742 0.214692 0.449123 0.213534 0.460142 0.237239 0.473775 0.387103 0.497883 0.697891 0.530548
0 0 0.62805 0.0120344 0.628367 0.0884672 0.633616 0.0986594 0.626331 0.072425 0.606861 0 0.588663 0 0.62805
0 0.155991 0.529298 0.164734 0.535789 0.222231 0.541831 0.261263 0.529222 0.51 0.569292 0.588459 0.555256 0.435883 0.542005 0.414311 0.523025 0.220648 0.4971 0.190544 0.499506 0.158703 0.518442 0.155991 0.529298
