0 0.52777 0.779264 0.568263 0.783805 0.584095 0.778105 0.597078 0.764486 0.591105 0.756461 0.505002 0.759708 0.52777 0.779264
0 0.720009 0.64683 0.69508 0.644397 0.647578 0.661498 0.653444 0.672648 0.662813 0.672975 0.715959 0.673267 0.731956 0.662881 0.720009 0.64683
0 0.375503 0.259572 0.352025 0.260314 0.349319 0.293053 0.37058 0.310994 0.395347 0.318113 0.402466 0.293345 0.38923 0.269431 0.375503 0.259572
0 0.238959 0.722275 0.222655 0.696691 0.199503 0.688066 0.157233 0.689716 0.156469 0.711577 0.161045 0.714864 0.184086 0.726612 0.213756 0.727648 0.238959 0.722275
0 0.674625 0.379458 0.726975 0.357834 0.728972 0.345397 0.720148 0.329455 0.660592 0.333628 0.636623 0.348425 0.626436 0.371522 0.625345 0.402753 0.632281 0.428011 0.646334 0.428502 0.68118 0.415647 0.683014 0.407894 0.671175 0.388719 0.674625 0.379458
0 0.548933 0.0389266 0.53417 0.0587359 0.483383 0.0804141 0.460541 0.107759 0.461611 0.121867 0.475173 0.136412 0.50112 0.154516 0.518242 0.156678 0.531062 0.147744 0.566472 0.0739359 0.572084 0.0475531 0.564603 0.0379109 0.548933 0.0389266
0 0.425413 0.397334 0.37635 0.414383 0.333117 0.398802 0.304792 0.404066 0.311836 0.4262 0.33455 0.447319 0.409539 0.493714 0.472745 0.519373 0.459781 0.487652 0.475942 0.472581 0.494483 0.434142 0.467411 0.403491 0.425413 0.397334
0 0.998719 0.411102 0.992766 0.357736 0.936441 0.358895 0.853059 0.418522 0.784514 0.411438 0.763941 0.418537 0.763233 0.438837 0.779537 0.464422 0.828852 0.484905 0.856306 0.504625 0.902355 0.484345 0.947911 0.478119 0.994395 0.445345 0.998719 0.411102
0 0.814848 0.617309 0.819805 0.609666 0.790572 0.596137 0.755112 0.537052 0.733688 0.523795 0.638542 0.517345 0.605203 0.531816 0.576169 0.557381 0.535295 0.56377 0.523602 0.58525 0.524617 0.60092 0.541577 0.607767 0.579163 0.605952 0.616258 0.618192 0.650667 0.61783 0.745539 0.632088 0.814848 0.617309
0 0 0.673709 0.00531563 0.704214 0.0308766 0.718136 0.0797609 0.735477 0.124623 0.718803 0.120056 0.700405 0.0836344 0.699133 0.0554719 0.68512 0.0189422 0.668209 0 0.656484 0 0.673709
0 0.196763 0.890697 0.244319 0.871511 0.211044 0.854716 0.133905 0.825964 0.121716 0.802086 0.0856672 0.772164 0.00180469 0.73015 0.0031 0.842242 0.0336828 0.86155 0.0880422 0.871266 0.142403 0.880981 0.196763 0.890697
0 0.528208 1 0.596916 0.993266 0.542919 0.973141 0.550906 0.968208 0.595133 0.969752 0.655059 0.969239 0.637848 0.939975 0.61498 0.923542 0.578284 0.930078 0.531275 0.933647 0.481103 0.939713 0.432233 0.9354 0.415988 0.953073 0.42603 0.963847 0.458942 0.991053 0.512781 1 0.528208 1
